P 0.00000000 0.00000000 1.57079639
A -70 99 1
A -60 93 5
A -50 98 0
A -40 91 7
A -30 103 5
A -20 99 1
A -10 104 4
A 0 103 5
A 10 96 0
A 20 109 1
A 30 99 3
A 40 102 6
A 50 103 5
A 60 83 3
A 70 133 35
P -0.00000009 2.00000000 1.57079639
A -70 99 1
A -60 98 0
A -50 103 5
A -40 99 1
A -30 95 7
A -20 103 5
A -10 103 5
A 0 105 3
A 10 103 5
A 20 97 1
A 30 104 4
A 40 99 1
A 50 104 4
A 60 61 37
A 70 102 6
P -0.00000018 4.00000000 1.57079639
A -70 91 7
A -60 97 3
A -50 98 0
A -40 100 2
A -30 95 3
A -20 108 0
A -10 109 1
A 0 102 4
A 10 103 5
A 20 104 6
A 30 104 4
A 40 104 4
A 50 103 5
A 60 95 13
A 70 92 6
P -0.00000026 6.00000000 1.57079639
A -70 86 2
A -60 95 5
A -50 97 1
A -40 98 2
A -30 100 2
A -20 103 5
A -10 103 5
A 0 93 5
A 10 99 1
A 20 97 1
A 30 98 0
A 40 106 4
A 50 101 5
A 60 103 5
A 70 99 7
P -0.00000035 8.00000000 1.57079639
A -70 78 0
A -60 89 9
A -50 99 1
A -40 104 4
A -30 99 1
A -20 104 4
A -10 103 5
A 0 103 5
A 10 103 5
A 20 106 2
A 30 98 0
A 40 103 5
A 50 98 10
A 60 104 6
A 70 88 6
P -0.00000044 10.00000000 1.57079639
A -70 76 0
A -60 82 6
A -50 97 11
A -40 103 5
A -30 103 5
A -20 99 3
A -10 103 7
A 0 103 5
A 10 99 1
A 20 96 10
A 30 104 4
A 40 103 5
A 50 97 1
A 60 90 8
A 70 92 6
P -0.00000053 12.00000000 1.57079639
A -70 73 1
A -60 77 3
A -50 98 0
A -40 96 12
A -30 98 0
A -20 110 0
A -10 98 0
A 0 96 4
A 10 94 6
A 20 107 1
A 30 108 0
A 40 108 0
A 50 99 1
A 60 102 4
A 70 108 10
P -0.00000061 14.00000000 1.57079639
A -70 72 0
A -60 75 1
A -50 88 8
A -40 90 6
A -30 105 3
A -20 103 5
A -10 100 2
A 0 100 2
A 10 98 0
A 20 104 4
A 30 99 1
A 40 97 1
A 50 97 1
A 60 98 0
A 70 88 8
P -0.00000070 16.00000000 1.57079639
A -70 73 1
A -60 76 2
A -50 84 4
A -40 97 11
A -30 106 0
A -20 103 5
A -10 103 3
A 0 98 2
A 10 102 2
A 20 104 4
A 30 107 1
A 40 98 0
A 50 94 6
A 60 64 44
A 70 92 6
P -0.00000079 18.00000000 1.57079639
A -70 73 1
A -60 76 2
A -50 89 9
A -40 101 3
A -30 98 0
A -20 98 0
A -10 93 3
A 0 98 0
A 10 99 3
A 20 100 2
A 30 97 1
A 40 102 2
A 50 104 6
A 60 88 10
A 70 58 38
P -0.00000088 20.00000000 1.57079639
A -70 74 0
A -60 77 1
A -50 87 7
A -40 92 6
A -30 98 0
A -20 97 1
A -10 98 0
A 0 98 0
A 10 98 0
A 20 98 0
A 30 97 1
A 40 100 2
A 50 99 1
A 60 104 4
A 70 63 43
P -0.00000096 22.00000000 1.57079639
A -70 73 1
A -60 76 2
A -50 81 3
A -40 98 2
A -30 97 1
A -20 95 1
A -10 94 0
A 0 94 0
A 10 94 0
A 20 96 0
A 30 98 0
A 40 99 1
A 50 98 0
A 60 103 5
A 70 64 46
P -0.00000105 24.00000000 1.57079639
A -70 74 0
A -60 76 2
A -50 90 8
A -40 94 4
A -30 94 0
A -20 93 1
A -10 91 1
A 0 91 1
A 10 90 0
A 20 92 0
A 30 93 1
A 40 97 1
A 50 98 0
A 60 99 1
A 70 80 4
P -0.00000114 26.00000000 1.57079639
A -70 74 0
A -60 76 2
A -50 95 5
A -40 87 11
A -30 91 1
A -20 89 1
A -10 88 0
A 0 88 0
A 10 88 0
A 20 89 1
A 30 89 1
A 40 97 3
A 50 108 0
A 60 93 5
A 70 107 1
P -0.00000123 28.00000000 1.57079639
A -70 74 0
A -60 77 3
A -50 87 1
A -40 101 3
A -30 98 0
A -20 88 0
A -10 88 0
A 0 89 1
A 10 88 0
A 20 88 2
A 30 93 5
A 40 99 1
A 50 103 5
A 60 97 1
A 70 89 1
P -0.00000131 30.00000000 1.57079639
A -70 74 0
A -60 76 2
A -50 85 7
A -40 101 3
A -30 86 0
A -20 83 1
A -10 81 1
A 0 81 1
A 10 82 0
A 20 82 0
A 30 86 2
A 40 98 2
A 50 103 5
A 60 100 8
A 70 91 3
P -0.00000140 32.00000000 1.57079639
A -70 74 0
A -60 75 1
A -50 89 9
A -40 84 10
A -30 81 3
A -20 78 0
A -10 77 1
A 0 75 1
A 10 76 0
A 20 77 1
A 30 79 1
A 40 86 2
A 50 104 4
A 60 98 2
A 70 95 13
P -0.00000149 34.00000000 1.57079639
A -70 75 1
A -60 77 1
A -50 83 5
A -40 84 4
A -30 74 0
A -20 72 0
A -10 70 0
A 0 70 0
A 10 71 1
A 20 71 1
A 30 75 1
A 40 81 3
A 50 93 5
A 60 102 8
A 70 96 12
P -0.00000158 36.00000000 1.57079639
A -70 74 0
A -60 76 0
A -50 81 3
A -40 76 2
A -30 71 1
A -20 68 0
A -10 66 0
A 0 67 1
A 10 67 1
A 20 68 0
A 30 71 1
A 40 75 3
A 50 81 5
A 60 60 38
A 70 93 5
P -0.00000166 38.00000000 1.57079639
A -70 74 0
A -60 77 1
A -50 84 4
A -40 77 9
A -30 66 0
A -20 64 0
A -10 62 0
A 0 63 1
A 10 63 1
A 20 64 0
A 30 66 0
A 40 73 5
A 50 97 1
A 60 87 11
A 70 97 1
P -0.00000175 40.00000000 1.57079639
A -70 74 0
A -60 77 1
A -50 93 3
A -40 71 7
A -30 63 1
A -20 61 1
A -10 59 1
A 0 58 0
A 10 59 1
A 20 60 0
A 30 63 1
A 40 79 13
A 50 97 11
A 60 99 1
A 70 98 10
P -0.00000184 42.00000000 1.57079639
A -70 74 0
A -60 78 0
A -50 90 2
A -40 77 11
A -30 60 2
A -20 57 1
A -10 56 0
A 0 56 0
A 10 56 0
A 20 56 0
A 30 60 2
A 40 99 1
A 50 94 6
A 60 92 6
A 70 98 0
P -0.00000193 44.00000000 1.57079639
A -70 75 1
A -60 77 1
A -50 89 3
A -40 63 3
A -30 55 1
A -20 52 0
A -10 52 0
A 0 50 0
A 10 51 1
A 20 52 0
A 30 55 1
A 40 77 11
A 50 91 7
A 60 99 11
A 70 60 44
P -0.00000201 46.00000000 1.57079639
A -70 74 0
A -60 79 1
A -50 83 5
A -40 66 8
A -30 51 1
A -20 48 0
A -10 46 0
A 0 46 0
A 10 46 0
A 20 48 0
A 30 51 1
A 40 58 4
A 50 83 17
A 60 108 0
A 70 97 13
P -0.00000210 48.00000000 1.57079639
A -70 75 1
A -60 77 1
A -50 90 0
A -40 70 16
A -30 47 1
A -20 45 1
A -10 44 0
A 0 43 1
A 10 44 0
A 20 44 0
A 30 45 1
A 40 78 22
A 50 102 4
A 60 98 0
A 70 96 10
P -0.00000219 50.00000000 1.57079639
A -70 75 1
A -60 76 0
A -50 84 6
A -40 71 17
A -30 42 0
A -20 40 0
A -10 38 0
A 0 38 0
A 10 39 1
A 20 40 0
A 30 44 0
A 40 62 16
A 50 93 5
A 60 99 1
A 70 52 32
P -0.00000219 50.00000000 1.04719758
A -70 40 0
A -60 40 0
A -50 40 0
A -40 30 10
A -30 43 1
A -20 62 14
A -10 99 1
A 0 98 0
A 10 102 2
A 20 102 4
A 30 97 1
A 40 97 9
A 50 98 0
A 60 97 1
A 70 101 5
P -0.00000219 50.00000000 0.95993118
A -70 40 0
A -60 40 0
A -50 40 0
A -40 42 2
A -30 70 22
A -20 99 1
A -10 108 0
A 0 102 6
A 10 103 5
A 20 109 1
A 30 99 1
A 40 98 2
A 50 98 0
A 60 104 6
A 70 99 1
P 1.14715063 51.63830566 0.95993118
A -70 39 1
A -60 39 1
A -50 40 0
A -40 29 13
A -30 56 10
A -20 110 2
A -10 98 0
A 0 101 3
A 10 102 6
A 20 96 12
A 30 98 0
A 40 107 1
A 50 103 5
A 60 98 10