P 0.00000000 0.00000000 1.57079639
A 70 19 1
A 60 80 2
A 50 101 3
A 40 94 8
A 30 97 1
A 20 103 5
A 10 88 12
A 0 99 1
A -10 104 6
A -20 86 12
A -30 90 6
A -40 88 10
A -50 96 0
A -60 97 1
P 0.00000000 0.00000000 1.57079639
A 70 19 3
A 60 17 1
A 50 98 0
A 40 98 0
A 30 108 0
A 20 95 5
A 10 88 10
A 0 104 6
A -10 94 4
A -20 92 6
A -30 97 1
A -40 87 1
A -50 97 1
A -60 93 5
A -70 97 1
P 0.00000000 0.00000000 1.30899691
A 70 49 33
A 60 46 28
A 50 95 3
A 40 102 6
A 30 91 7
A 20 97 1
A 10 99 1
A 0 103 5
A -10 88 10
A -20 93 7
A -30 93 5
A -40 98 0
A -50 58 38
A -60 97 1
A -70 97 1
P 0.51763815 1.93185148 1.30899691
A 70 62 46
A 60 20 4
A 50 98 0
A 40 99 1
A 30 93 1
A 20 98 0
A 10 100 2
A 0 99 9
A -10 97 1
A -20 96 2
A -30 104 4
A -40 103 5
A -50 83 5
A -60 91 7
P 0.00000000 0.00000000 1.57079639
A 70 56 38
A 60 17 1
A 50 100 2
A 40 100 10
A 30 100 0
A 20 97 1
A 10 100 0
A 0 92 6
A -10 99 1
A -20 99 1
A -30 90 10
A -40 88 2
A -50 59 39
A -60 89 9
A -70 92 6
P 0.00000000 0.00000000 1.48352994
A 70 80 16
A 60 48 32
A 50 54 34
A 40 96 4
A 30 103 5
A 20 88 0
A 10 83 1
A 0 91 1
A -10 87 9
A -20 96 2
A -30 103 5
A -40 90 6
A -50 92 6
A -60 94 6
A -70 94 4
P 0.17431135 1.99238948 1.48352994
A 70 46 30
A 60 50 34
A 50 88 10
A 40 104 4
A 30 94 8
A 20 99 1
A 10 96 2
A 0 98 0
A -10 93 5
A -20 96 2
A -30 98 0
A -40 93 5
A -50 90 8
A -60 96 0
A -70 98 0
P 0.34862270 3.98477888 1.48352994
A 70 17 1
A 60 47 31
A 50 99 9
A 40 96 6
A 30 99 9
A 20 96 12
A 10 86 2
A 0 88 10
A -10 99 1
A -20 98 0
A -30 98 0
A -40 90 8
A -50 93 5
A -60 95 5
P 0.00000000 0.00000000 1.57079639
A 70 16 0
A 60 57 41
A 50 87 13
A 40 95 5
A 30 99 1
A 20 87 11
A 10 89 9
A 0 103 5
A -10 95 3
A -20 85 7
A -30 99 1
A -40 97 1
A -50 97 1
A -60 90 4
A -70 88 4
P 0.00000000 0.00000000 1.57079639
A 70 16 0
A 60 39 23
A 50 84 12
A 40 86 2
A 30 80 2
A 20 82 6
A 10 45 27
A 0 84 2
A -10 76 4
A -20 72 6
A -30 74 2
A -40 78 0
A -50 86 12
A -60 89 11
P 0.00000000 0.00000000 1.57079639
A 70 90 4
A 60 57 39
A 50 98 0
A 40 99 1
A 30 88 10
A 20 104 4
A 10 88 10
A 0 99 1
A -10 104 6
A -20 86 2
A -30 98 0
A -40 103 5
A -50 91 15
A -60 93 15
A -70 96 0
P -0.00000009 2.00000000 1.57079639
A 70 84 4
A 60 89 11
A 50 95 3
A 40 103 5
A 30 108 0
A 20 83 5
A 10 87 9
A 0 98 10
A -10 102 4
A -20 98 0
A -30 97 1
A -40 102 4
A -50 93 5
A -60 99 1
A -70 104 4
P -0.00000018 4.00000000 1.57079639
A 70 52 36
A 60 87 3
A 50 92 4
A 40 92 6
A 30 103 7
A 20 98 0
A 10 93 5
A 0 103 5
A -10 84 6
A -20 87 11
A -30 81 5
A -40 103 5
A -50 88 2
A -60 99 1
A -70 98 2
P -0.00000026 6.00000000 1.57079639
A 70 53 35
A 60 47 29
A 50 98 0
A 40 98 0
A 30 99 1
A 20 98 0
A 10 98 0
A 0 89 9
A -10 99 1
A -20 103 5
A -30 93 5
A -40 82 4
A -50 91 11
A -60 104 4
A -70 99 1
P -0.00000035 8.00000000 1.57079639
A 70 59 43
A 60 42 24
A 50 91 7
A 40 99 1
A 30 98 0
A 20 54 32
A 10 61 39
A 0 93 7
A -10 89 1
A -20 97 11
A -30 96 2
A -40 98 0
A -50 93 5
A -60 87 1
A -70 98 0
P -0.00000044 10.00000000 1.57079639
A 70 48 30
A 60 86 0
A 50 98 10
A 40 94 6
A 30 101 3
A 20 88 10
A 10 97 13
A 0 91 7
A -10 91 7
A -20 104 4
A -30 91 7
A -40 103 5
A -50 102 6
A -60 88 10
A -70 100 0
P -0.00000053 12.00000000 1.57079639
A 70 81 1
A 60 86 0
A 50 81 5
A 40 98 0
A 30 90 0
A 20 94 4
A 10 98 0
A 0 93 5
A -10 102 6
A -20 87 11
A -30 97 1
A -40 90 10
A -50 60 40
A -60 97 1
A -70 100 8
P -0.00000061 14.00000000 1.57079639
A 70 77 1
A 60 88 10
A 50 95 3
A 40 98 6
A 30 97 1
A 20 82 4
A 10 96 10
A 0 97 1
A -10 94 4
A -20 92 4
A -30 92 8
A -40 89 11
A -50 98 0
A -60 97 1
A -70 102 8
P -0.00000070 16.00000000 1.57079639
A 70 18 0
A 60 42 26
A 50 89 11
A 40 98 0
A 30 87 9
A 20 95 3
A 10 103 5
A 0 95 3
A -10 103 5
A -20 88 6
A -30 101 5
A -40 94 4
A -50 76 2
A -60 97 1
P 0.00000000 0.00000000 1.57079639
A 70 19 3
A 60 21 1
A 50 88 10
A 40 98 0
A 30 97 1
A 20 103 5
A 10 89 7
A 0 96 8
A -10 100 8
A -20 95 13
A -30 104 6
A -40 98 0
A -50 51 37
A -60 93 5
P 0.00000000 0.00000000 1.57079639
A 70 16 0
A 60 59 43
A 50 96 2
A 40 96 4
A 30 97 1
A 20 98 0
A 10 95 3
A 0 100 0
A -10 97 1
A -20 98 0
A -30 93 5
A -40 103 3
A -50 100 0
A -60 103 5
P 0.00000000 0.00000000 1.57079639
A 70 20 4
A 60 85 7
A 50 92 6
A 40 104 6
A 30 84 6
A 20 88 10
A 10 74 14
A 0 98 0
A -10 96 2
A -20 98 0
A -30 95 3
A -40 88 10
A -50 84 8
A -60 98 0
A -70 97 3
P 0.00000000 0.00000000 1.22173047
A 70 85 15
A 60 49 33
A 50 94 6
A 40 97 1
A 30 92 6
A 20 103 5
A 10 98 0
A 0 82 4
A -10 98 2
A -20 97 7
A -30 91 5
A -40 98 0
A -50 90 10
A -60 98 0
A -70 87 1
P 0.68404030 1.87938518 1.22173047
A 70 51 35
A 60 67 11
A 50 82 2
A 40 96 2
A 30 98 0
A 20 94 6
A 10 93 5
A 0 87 9
A -10 91 9
A -20 97 1
A -30 93 5
A -40 92 6
A -50 87 11
A -60 89 11
A -70 96 0
P 1.36808061 3.75877046 1.22173047
A 70 54 32
A 60 48 30
A 50 83 5
A 40 96 0
A 30 96 0
A 20 97 1
A 10 101 3
A 0 91 7
A -10 89 1
A -20 102 4
A -30 97 1
A -40 92 2
A -50 97 3
A -60 103 5
A -70 98 0
P 2.05212092 5.63815593 1.22173047
A 70 53 37
A 60 38 22
A 50 93 1
A 40 94 4
A 30 91 3
A 20 82 4
A 10 82 8
A 0 77 23
A -10 99 1
A -20 103 5
A -30 94 4
A -40 82 4
A -50 88 10
A -60 92 6
P 0.00000000 0.00000000 1.57079639
A 70 49 33
A 60 92 0
A 50 90 2
A 40 95 1
A 30 94 0
A 20 92 4
A 10 88 4
A 0 97 9
A -10 98 0
A -20 102 6
A -30 99 1
A -40 92 6
A -50 99 9
A -60 98 0
A -70 86 2
P -0.00000009 2.00000000 1.57079639
A 70 51 33
A 60 17 1
A 50 87 1
A 40 87 3
A 30 89 3
A 20 92 2
A 10 91 5
A 0 98 0
A -10 92 6
A -20 91 5
A -30 90 8
A -40 87 11
A -50 98 0
A -60 94 6
P 0.00000000 0.00000000 1.57079639
A 70 20 4
A 60 19 3
A 50 85 5
A 40 90 0
A 30 91 1
A 20 92 0
A 10 85 3
A 0 98 2
A -10 98 4
A -20 99 1
A -30 99 1
A -40 87 1
A -50 94 6
A -60 99 1