A 70 50 0	
A 60 52 0	
A 50 51 1	
A 40 52 0	
A 30 50 0	
A 20 50 0	
A 10 51 1	
A 0 51 1	
A -10 52 0	
A -20 52 0	
A -30 51 1	
A -40 51 1	
A -50 50 0	
A -60 51 1	
A -70 52 0	
P 31.00013542 137.77297973 2.79252672	(39B)
A 70 52 0
A 60 51 1
A 50 50 0
A 40 50 0
A 30 50 2
A 20 50 0
A 10 52 0
A 0 51 1
A -10 51 1
A -20 51 1
A -30 52 0
A -40 50 0
A -50 51 1
A -60 51 1
A -70 52 0
P 29.12075042 138.45701599 2.79252672	(39B)
A 70 53 1
A 60 52 0
A 50 52 0
A 40 52 2
A 30 52 0
A 20 52 0
A 10 52 0
A 0 52 0
A -10 52 0
A -20 52 0
A -30 51 1
A -40 52 0
A -50 51 1
A -60 52 0
A -70 52 0
P 27.24136543 139.14105224 2.79252672	(39B)