A 0 116 16
A -10 114 16
A -20 150 52
A -30 146 58
A -40 107 21
A -50 109 21
A -60 147 49
A -70 149 53
P -0.00000026 6.00000000 1.57079639
A 70 98 0
A 60 87 1
A 50 98 0
A 40 98 2
A 30 92 4
A 20 98 0
A 10 90 8
A 0 93 5
A -10 91 3
A -20 92 6
A -30 94 4
A -40 97 1
A -50 98 0
A -60 93 1
A -70 92 4
P -0.00000035 8.00000000 1.57079639
A 70 94 2
A 60 95 3
A 50 92 4
A 40 97 1
A 30 92 4
A 20 91 3
A 10 96 2
A 0 96 2
A -10 98 0
A -20 95 1
A -30 97 1
A -40 92 4
A -50 90 2
A -60 90 4
A -70 90 2
P -0.00000044 10.00000000 1.57079639
A 70 93 5
A 60 94 4
A 50 98 0
A 40 90 2
A 30 91 3
A 20 95 1
A 10 97 1
A 0 99 9
A -10 94 4
A -20 97 1
A -30 99 1
A -40 92 2
A -50 90 8
A -60 91 7
A -70 98 2
P -0.00000053 12.00000000 1.57079639
A 70 103 5
A 60 88 12
A 50 108 2
A 40 97 11
A 30 92 6
A 20 98 0
A 10 103 5
A 0 104 4
A -10 104 4
A -20 108 0
A -30 91 5
A -40 83 5
A -50 76 0
A -60 78 0
A -70 81 1
P -0.00000061 14.00000000 1.57079639
A 70 83 1
A 60 104 4
A 50 97 1
A 40 103 5
A 30 108 0
A 20 94 4
A 10 98 10
A 0 97 7
A -10 107 1
A -20 103 5
A -30 92 6
A -40 77 3
A -50 73 1
A -60 74 0
A -70 74 0
P -0.00000070 16.00000000 1.57079639
A 70 91 7
A 60 99 1
A 50 108 0
A 40 103 5
A 30 98 10
A 20 104 6
A 10 98 2
A 0 104 6
A -10 99 1
A -20 98 0
A -30 93 15
A -40 75 3
A -50 45 25
A -60 70 0
A -70 70 0
P -0.00000079 18.00000000 1.57079639
A 70 60 38
A 60 102 10
A 50 103 5
A 40 109 1
A 30 107 1
A 20 102 4
A 10 104 6
A 0 108 0
A -10 104 4
A -20 99 1
A -30 97 1
A -40 70 2
A -50 67 1
A -60 66 0
A -70 66 0
P -0.00000088 20.00000000 1.57079639
A 70 63 45
A 60 91 9
A 50 107 1
A 40 98 0
A 30 103 7
A 20 99 1
A 10 92 4
A 0 104 4
A -10 103 5
A -20 98 0
A -30 76 8
A -40 67 1
A -50 64 0
A -60 64 0
A -70 64 0
P -0.00000096 22.00000000 1.57079639
A 70 50 26
A 60 81 3
A 50 96 12
A 40 104 4
A 30 97 11
A 20 99 1
A 10 104 4
A 0 108 0
A -10 103 5
A -20 103 5
A -30 70 4
A -40 65 1
A -50 62 0
A -60 62 0
A -70 62 0
P -0.00000105 24.00000000 1.57079639
A 70 64 42
A 60 99 1
A 50 103 5
A 40 103 3
A 30 91 3
A 20 107 1
A 10 94 4
A 0 99 1
A -10 104 4
A -20 92 6
A -30 69 1
A -40 64 0
A -50 61 1
A -60 60 0
A -70 60 0
P -0.00000114 26.00000000 1.57079639
A 70 96 12
A 60 60 38
A 50 91 15
A 40 104 0
A 30 98 0
A 20 99 3
A 10 98 0
A 0 99 1
A -10 104 4
A -20 90 8
A -30 77 11
A -40 63 1
A -50 61 1
A -60 59 1
A -70 60 0
P -0.00000123 28.00000000 1.57079639
A 70 86 12
A 60 61 41
A 50 98 0
A 40 100 0
A 30 100 0
A 20 97 3
A 10 99 1
A 0 98 0
A -10 98 0
A -20 82 4
A -30 68 2
A -40 61 1
A -50 59 1
A -60 58 0
A -70 58 0
P -0.00000131 30.00000000 1.57079639
A 70 82 6
A 60 77 11
A 50 92 6
A 40 97 1
A 30 96 0
A 20 93 1
A 10 94 0
A 0 95 1
A -10 97 1
A -20 86 0
A -30 67 1
A -40 62 2
A -50 58 0
A -60 58 0
A -70 57 1
P -0.00000140 32.00000000 1.57079639
A 70 87 11
A 60 54 38
A 50 96 2
A 40 93 1
A 30 92 0
A 20 91 1
A 10 92 0
A 0 93 1
A -10 95 1
A -20 97 1
A -30 66 0
A -40 59 1
A -50 57 1
A -60 56 0
A -70 56 0
P -0.00000149 34.00000000 1.57079639
A 70 62 46
A 60 95 1
A 50 93 1
A 40 90 0
A 30 89 1
A 20 88 0
A 10 89 1
A 0 90 0
A -10 91 1
A -20 89 9
A -30 66 0
A -40 60 2
A -50 56 0
A -60 56 0
A -70 54 0
P -0.00000158 36.00000000 1.57079639
A 70 94 16
A 60 83 1
A 50 92 2
A 40 87 1
A 30 86 0
A 20 86 0
A 10 85 1
A 0 88 0
A -10 83 7
A -20 87 9
A -30 79 15
A -40 59 1
A -50 55 1
A -60 54 0
A -70 54 0
P -0.00000166 38.00000000 1.57079639
A 70 90 4
A 60 97 11
A 50 94 4
A 40 86 2
A 30 91 1
A 20 97 1
A 10 96 0
A 0 98 2
A -10 98 0
A -20 97 1
A -30 98 0
A -40 58 2
A -50 54 0
A -60 53 1
A -70 53 1
P -0.00000175 40.00000000 1.57079639
A 70 92 6
A 60 63 45
A 50 85 1
A 40 82 0
A 30 80 0
A 20 77 1
A 10 79 1
A 0 80 0
A -10 84 2
A -20 92 4
A -30 98 0
A -40 70 14
A -50 53 1
A -60 52 0
A -70 52 0
P -0.00000184 42.00000000 1.57079639
A 70 58 40
A 60 96 12
A 50 89 9
A 40 77 1
A 30 75 1
A 20 74 0
A 10 74 0
A 0 75 1
A -10 78 0
A -20 88 6
A -30 92 4
A -40 58 4
A -50 52 0
A -60 50 0
A -70 50 0
P -0.00000193 44.00000000 1.57079639
A 70 88 8
A 60 90 8
A 50 74 2
A 40 72 0
A 30 70 0
A 20 69 1
A 10 70 0
A 0 70 0
A -10 73 1
A -20 77 1
A -30 89 1
A -40 55 1
A -50 50 0
A -60 50 0
A -70 50 0
P -0.00000201 46.00000000 1.57079639
A 70 81 5
A 60 49 29
A 50 71 3
A 40 67 1
A 30 66 0
A 20 65 1
A 10 66 0
A 0 66 0
A -10 68 0
A -20 75 1
A -30 82 4
A -40 53 3
A -50 50 0
A -60 49 1
A -70 48 0
P -0.00000210 48.00000000 1.57079639
A 70 86 12
A 60 78 2
A 50 66 2
A 40 64 0
A 30 63 1
A 20 60 0
A 10 62 0
A 0 62 0
A -10 65 1
A -20 73 3
A -30 78 2
A -40 51 1
A -50 48 0
A -60 48 0
A -70 48 0
P -0.00000219 50.00000000 1.57079639
A 70 97 1
A 60 88 10
A 50 70 6
A 40 60 0
A 30 58 0
A 20 58 0
A 10 58 0
A 0 59 1
A -10 63 1
A -20 66 0
A -30 64 10
A -40 49 1
A -50 47 1
A -60 46 0
A -70 46 0
P -0.00000228 52.00000000 1.57079639
A 70 103 5
A 60 65 41
A 50 68 8
A 40 57 1
A 30 55 1
A 20 54 0
A 10 55 1
A 0 56 0
A -10 58 0
A -20 68 0
A -30 57 3
A -40 48 2
A -50 46 0
A -60 44 0
A -70 44 0
P -0.00000236 54.00000000 1.57079639
A 70 88 8
A 60 80 16
A 50 57 3
A 40 52 0
A 30 51 1
A 20 50 0
A 10 50 0
A 0 52 0
A -10 53 1
A -20 62 4
A -30 62 8
A -40 47 1
A -50 44 0
A -60 44 0
A -70 44 0
P -0.00000245 56.00000000 1.57079639
A 70 86 12
A 60 73 11
A 50 51 1
A 40 49 1
A 30 46 0
A 20 46 0
A 10 46 0
A 0 46 0
A -10 49 1
A -20 53 1
A -30 61 3
A -40 48 2
A -50 43 1
A -60 43 1
A -70 43 1
P -0.00000254 58.00000000 1.57079639
A 70 89 9
A 60 66 10
A 50 48 2
A 40 44 0
A 30 42 0
A 20 42 0
A 10 42 0
A 0 44 0
A -10 46 0
A -20 52 2
A -30 57 5
A -40 46 2
A -50 43 1
A -60 42 0
A -70 41 1
P -0.00000263 60.00000000 1.57079639
A 70 46 28
A 60 86 12
A 50 42 2
A 40 40 0
A 30 39 1
A 20 38 0
A 10 39 1
A 0 40 0
A -10 42 0
A -20 48 2
A -30 54 6
A -40 44 2
A -50 42 2
A -60 40 0
A -70 40 0
P -0.00000263 60.00000000 1.04719758
A 70 63 45
A 60 86 2
A 50 104 4
A 40 99 9
A 30 93 7
A 20 98 2
A 10 108 0
A 0 66 20
A -10 41 1
A -20 40 0
A -30 38 0
A -40 38 0
A -50 38 0
A -60 40 0
A -70 44 0
P -0.00000263 60.00000000 0.95993118
A 70 98 0
A 60 95 5
A 50 103 5
A 40 109 1
A 30 109 1
A 20 103 5
A 10 104 6
A 0 108 0
A -10 79 29
A -20 44 0
A -30 40 0
A -40 38 0
A -50 38 0
A -60 39 1
A -70 41 1
P -0.00000263 60.00000000 0.69813175
A 70 104 4
A 60 61 39
A 50 103 5
A 40 102 6
A 30 103 5
A 20 103 5
A 10 98 2
A 0 88 0
A -10 103 5
A -20 98 0
A -30 103 5
A -40 56 10
A -50 43 1
A -60 40 0
A -70 40 0
P 1.53208613 61.28557586 0.69813175
A 70 91 7
A 60 97 1
A 50 108 0
A 40 99 1
A 30 98 10
A 20 93 15
A 10 103 3
A 0 104 4
A -10 95 3
A -20 100 2
A -30 103 5
A -40 63 15
A -50 42 0
A -60 41 1
A -70 40 0
P 3.06417489 62.57115173 0.69813175
A 70 105 1
A 60 97 1
A 50 104 6
A 40 104 4
A 30 98 0
A 20 103 5
A 10 103 5
A 0 107 1
A -10 108 0
A -20 103 5
A -30 97 1
A -40 50 4
A -50 43 1
A -60 39 1
P 0.00000000 0.00000000 1.57079639
A 70 81 5
A 60 104 4
A 50 103 5
A 40 103 5
A 30 99 1
A 20 93 5
A 10 104 4
A 0 109 1
A -10 99 1
A -20 109 1
A -30 103 5
A -40 71 25
A -50 41 1
A -60 40 0
P 0.00000000 0.00000000 1.57079639
A 70 84 14
A 60 86 0
A 50 104 6
A 40 103 5
A 30 98 0
A 20 107 1
A 10 107 1
A 0 109 1
A -10 104 4
A -20 104 4
A -30 94 14
A -40 49 5
A -50 30 10
A -60 40 0
A -70 40 0
P 0.00000000 0.00000000 1.57079639
A 70 35 17
A 60 81 29
A 50 84 24
A 40 86 20
A 30 109 1
A 20 103 5
A 10 109 1
A 0 95 3
A -10 100 0
A -20 104 4
A -30 107 1
A -40 109 1
A -50 83 25
A -60 75 33
P 0.00000000 0.00000000 1.57079639
A 70 44 0
A 60 57 7
A 50 57 3
A 40 51 1
A 30 48 0
A 20 48 0