P 0.00000000 0.00000000 1.57079639
A -70 98 0
A -60 97 1
A -50 95 5
A -40 103 5
A -30 103 5
A -20 103 5
A -10 98 0
A 0 103 5
A 10 104 4
A 20 99 1
A 30 101 5
A 40 97 3
A 50 80 4
A 60 67 1
A 70 67 1
P -0.00000009 2.00000000 1.57079639
A -70 102 2
A -60 103 5
A -50 103 5
A -40 99 1
A -30 102 6
A -20 102 4
A -10 97 7
A 0 93 5
A 10 90 0
A 20 101 1
A 30 96 10
A 40 92 6
A 50 79 9
A 60 42 26
A 70 66 0
P -0.00000018 4.00000000 1.57079639
A -70 99 1
A -60 108 0
A -50 95 3
A -40 98 2
A -30 95 3
A -20 98 2
A -10 97 1
A 0 92 4
A 10 87 9
A 20 91 3
A 30 93 5
A 40 98 10
A 50 76 8
A 60 66 2
A 70 64 0
P -0.00000026 6.00000000 1.57079639
A -70 108 0
A -60 98 0
A -50 87 9
A -40 97 1
A -30 93 5
A -20 99 1
A -10 95 3
A 0 97 1
A 10 98 0
A 20 97 1
A 30 93 5
A 40 89 7
A 50 67 1
A 60 63 1
A 70 63 1
P -0.00000035 8.00000000 1.57079639
A -70 103 5
A -60 98 2
A -50 98 8
A -40 98 0
A -30 102 4
A -20 99 1
A -10 98 0
A 0 93 5
A 10 97 1
A 20 98 0
A 30 97 1
A 40 78 6
A 50 65 1
A 60 44 20
A 70 61 1
P -0.00000044 10.00000000 1.57079639
A -70 104 4
A -60 97 1
A -50 103 5
A -40 103 5
A -30 104 4
A -20 95 5
A -10 97 1
A 0 92 4
A 10 96 2
A 20 99 1
A 30 102 4
A 40 86 12
A 50 66 2
A 60 63 1
A 70 62 0
P -0.00000053 12.00000000 1.57079639
A -70 103 5
A -60 97 1
A -50 102 4
A -40 108 0
A -30 103 3
A -20 95 3
A -10 95 1
A 0 91 7
A 10 90 4
A 20 98 0
A 30 98 2
A 40 84 12
A 50 67 3
A 60 63 1
A 70 61 1
P -0.00000061 14.00000000 1.57079639
A -70 99 1
A -60 97 1
A -50 97 1
A -40 98 0
A -30 98 0
A -20 90 4
A -10 92 6
A 0 84 6
A 10 82 16
A 20 97 1
A 30 97 1
A 40 87 1
A 50 68 2
A 60 63 1
A 70 60 0
P -0.00000070 16.00000000 1.57079639
A -70 99 1
A -60 104 4
A -50 100 2
A -40 91 7
A -30 95 1
A -20 87 1
A -10 89 1
A 0 93 1
A 10 80 6
A 20 95 1
A 30 96 0
A 40 86 10
A 50 65 1
A 60 63 1
A 70 60 0
P -0.00000079 18.00000000 1.57079639
A -70 100 0
A -60 103 5
A -50 99 1
A -40 92 2
A -30 93 1
A -20 84 6
A -10 89 1
A 0 78 0
A 10 83 5
A 20 91 1
A 30 94 0
A 40 97 1
A 50 67 1
A 60 61 1
A 70 60 0
P -0.00000088 20.00000000 1.57079639
A -70 99 1
A -60 103 5
A -50 98 2
A -40 98 0
A -30 90 2
A -20 87 1
A -10 78 0
A 0 70 2
A 10 86 0
A 20 88 0
A 30 90 2
A 40 80 8
A 50 68 2
A 60 62 2
A 70 60 0
P -0.00000096 22.00000000 1.57079639
A -70 103 5
A -60 97 1
A -50 92 4
A -40 98 0
A -30 86 2
A -20 83 1
A -10 73 5
A 0 71 3
A 10 81 1
A 20 83 1
A 30 86 0
A 40 81 5
A 50 66 2
A 60 61 1
A 70 60 0
P -0.00000105 24.00000000 1.57079639
A -70 105 3
A -60 98 0
A -50 99 3
A -40 91 5
A -30 84 0
A -20 83 1
A -10 66 0
A 0 78 2
A 10 80 0
A 20 80 2
A 30 86 2
A 40 82 4
A 50 67 3
A 60 61 1
A 70 60 0
P -0.00000114 26.00000000 1.57079639
A -70 100 2
A -60 102 4
A -50 92 8
A -40 97 1
A -30 81 1
A -20 79 1
A -10 78 0
A 0 78 0
A 10 78 0
A 20 79 1
A 30 84 2
A 40 80 2
A 50 65 1
A 60 61 1
A 70 60 0
P -0.00000123 28.00000000 1.57079639
A -70 103 5
A -60 103 5
A -50 97 1
A -40 90 6
A -30 76 2
A -20 73 1
A -10 72 0
A 0 71 1
A 10 72 0
A 20 73 1
A 30 79 1
A 40 75 1
A 50 66 2
A 60 61 1
A 70 59 1
P -0.00000131 30.00000000 1.57079639
A -70 99 1
A -60 107 1
A -50 91 7
A -40 79 7
A -30 71 1
A -20 67 1
A -10 66 0
A 0 66 0
A 10 66 0
A 20 67 1
A 30 71 1
A 40 76 4
A 50 65 1
A 60 62 2
A 70 40 20
P -0.00000140 32.00000000 1.57079639
A -70 98 12
A -60 103 5
A -50 89 5
A -40 69 1
A -30 65 1
A -20 64 0
A -10 62 0
A 0 62 0
A 10 62 0
A 20 63 1
A 30 65 1
A 40 81 9
A 50 65 1
A 60 40 20
A 70 59 1
P -0.00000149 34.00000000 1.57079639
A -70 97 1
A -60 98 0
A -50 98 0
A -40 67 1
A -30 63 1
A -20 60 0
A -10 60 0
A 0 58 0
A 10 58 0
A 20 60 0
A 30 63 1
A 40 68 4
A 50 64 2
A 60 42 18
A 70 58 0
P -0.00000158 36.00000000 1.57079639
A -70 98 0
A -60 103 5
A -50 98 0
A -40 86 0
A -30 59 1
A -20 57 1
A -10 56 0
A 0 54 0
A 10 55 1
A 20 57 1
A 30 60 2
A 40 68 2
A 50 64 0
A 60 60 0
P 0.00000000 0.00000000 1.57079639
A -70 107 1
A -60 98 0
A -50 98 0
A -40 86 10
A -30 59 1
A -20 57 1
A -10 54 0
A 0 55 1
A 10 54 0
A 20 58 0
A 30 59 1
A 40 65 1
A 50 65 1
A 60 60 0
A 70 59 1
P -0.00000009 2.00000000 1.57079639
A -70 99 1
A -60 104 4
A -50 87 1
A -40 70 6
A -30 56 2
A -20 52 0
A -10 51 1
A 0 52 0
A 10 51 1
A 20 53 1
A 30 58 2
A 40 73 3
A 50 66 2
A 60 61 1
A 70 58 0
P -0.00000018 4.00000000 1.57079639
A -70 103 5
A -60 98 0
A -50 95 3
A -40 58 2
A -30 51 1
A -20 48 2
A -10 46 0
A 0 46 0
A 10 47 1
A 20 48 0
A 30 51 1
A 40 60 4
A 50 64 2
A 60 61 1
A 70 58 0
P -0.00000026 6.00000000 1.57079639
A -70 105 5
A -60 98 0
A -50 90 6
A -40 55 1
A -30 47 1
A -20 44 0
A -10 44 0
A 0 43 1
A 10 43 1
A 20 44 0
A 30 47 1
A 40 56 4
A 50 63 3
A 60 60 2
P 0.00000000 0.00000000 1.57079639
A -70 102 4
A -60 86 10
A -50 97 1
A -40 77 21
A -30 46 0
A -20 44 0
A -10 44 0
A 0 44 0
A 10 43 1
A 20 44 0
A 30 47 1
A 40 56 2
A 50 63 1
A 60 39 21
P 0.00000000 0.00000000 1.57079639
A -70 99 1
A -60 104 6
A -50 81 15
A -40 77 9
A -30 47 1
A -20 44 0
A -10 43 1
A 0 43 1
A 10 44 0
A 20 44 0
A 30 46 0
A 40 54 4
A 50 63 3
A 60 59 1
A 70 58 0
P -0.00000009 2.00000000 1.57079639
A -70 98 0
A -60 103 5
A -50 87 11
A -40 49 5
A -30 43 1
A -20 40 0
A -10 40 0
A 0 40 0
A 10 39 1
A 20 42 2
A 30 50 4
A 40 68 0
A 50 63 3
A 60 59 1
P 0.00000000 0.00000000 1.57079639
A -70 99 9
A -60 103 5
A -50 94 4
A -40 48 4
A -30 43 1
A -20 40 0
A -10 40 0
A 0 39 1
A 10 40 0
A 20 42 0
A 30 57 13
A 40 69 3
A 50 62 2
A 60 58 0
P 0.00000000 0.00000000 1.57079639
A -70 107 1
A -60 93 7
A -50 76 22
A -40 48 2
A -30 42 0
A -20 40 0
A -10 40 0
A 0 40 0
A 10 40 0
A 20 43 1
A 30 47 1
A 40 69 3
A 50 62 2
A 60 59 1
A 70 57 1
P -0.00000009 2.00000000 1.57079639
A -70 107 1
A -60 97 1
A -50 102 4
A -40 43 1
A -30 39 1
A -20 36 0
A -10 36 0
A 0 36 0
A 10 37 1
A 20 39 1
A 30 42 2
A 40 68 4
A 50 62 2
A 60 59 1
P 0.00000000 0.00000000 1.57079639
A -70 102 4
A -60 99 1
A -50 98 0
A -40 44 2
A -30 39 1
A -20 36 0
A -10 36 0
A 0 37 1
A 10 36 0
A 20 39 1
A 30 44 2
A 40 73 1
A 50 63 3
A 60 58 0
P 0.00000000 0.00000000 1.57079639
A -70 98 0
A -60 100 0
A -50 103 3
A -40 45 5
A -30 39 1
A -20 37 1
A -10 36 0
A 0 36 0
A 10 37 1
A 20 39 1
A 30 43 1
A 40 70 2
A 50 62 4
A 60 38 20
P 0.00000000 0.00000000 1.57079639
A -70 108 0
A -60 99 1
A -50 89 1
A -40 44 2
A -30 39 1
A -20 36 0
A -10 36 0
A 0 36 0
A 10 36 0
A 20 38 0
A 30 42 2
A 40 69 1
A 50 63 3
A 60 59 1
P 0.00000000 0.00000000 1.57079639
A -70 103 5
A -60 104 6
A -50 103 5
A -40 43 1
A -30 39 1
A -20 37 1
A -10 36 0
A 0 37 1
A 10 37 1
A 20 39 1
A 30 43 1
A 40 67 1
A 50 62 2
A 60 58 0
P 0.00000000 0.00000000 1.57079639
A -70 103 5
A -60 103 5
A -50 103 3
A -40 45 5
A -30 39 1
A -20 36 0
A -10 36 0
A 0 36 0
A 10 36 0
A 20 38 0
A 30 42 2
A 40 69 5
A 50 62 2
A 60 58 0
P 0.00000000 0.00000000 1.57079639
A -70 98 0
A -60 98 0
A -50 93 3
A -40 45 3
A -30 39 1
A -20 37 1
A -10 37 1
A 0 37 1
A 10 37 1
A 20 38 0
A 30 43 1
A 40 73 1
A 50 63 3
A 60 40 20
P 0.00000000 0.00000000 1.57079639
A -70 99 1
A -60 98 0
A -50 98 0
A -40 43 1
A -30 39 1
A -20 37 1
A -10 36 0
A 0 36 0
A 10 37 1
A 20 38 0
A 30 42 2
A 40 70 2
A 50 62 2
A 60 59 1
P 0.00000000 0.00000000 1.57079639
A -70 99 1
A -60 97 1
A -50 103 3
A -40 43 1
A -30 39 1
A -20 36 0
A -10 37 1
A 0 37 1
A 10 36 0
A 20 30 8
A 30 42 2
A 40 64 8
A 50 66 6
A 60 58 0
P 0.00000000 0.00000000 1.57079639
P 0.00000000 0.00000000 1.57079639
A -70 99 1
A -60 104 6
A -50 98 0
A -40 62 20
A -30 39 1
A -20 37 1
A -10 36 0
A 0 36 0
A 10 36 0
A 20 38 0
A 30 42 2
A 40 73 1
A 50 65 3
A 60 59 1
P 0.00000000 0.00000000 1.57079639
A -70 99 3
A -60 102 4
A -50 99 1
A -40 44 4
A -30 39 1
A -20 37 1
A -10 36 0
A 0 36 0
A 10 36 0
A 20 38 2
A 30 42 2
A 40 57 9
A 50 62 2
A 60 59 1
P 0.00000000 0.00000000 1.57079639
A -70 108 0
A -60 99 1
A -50 98 0
A -40 44 2
A -30 39 1
A -20 37 1
A -10 36 0
A 0 36 0
A 10 37 1
A 20 38 0
A 30 43 1
A 40 69 3
A 50 64 4
A 60 58 0
P 0.00000000 0.00000000 1.57079639
A -70 66 12
A -60 40 18
A -50 49 5
A -40 47 7
A -30 46 8
A -20 47 11
A -10 54 18
A 0 58 22
A 10 62 24
A 20 67 29
A 30 62 20
A 40 81 17
A 50 70 8
A 60 45 29
A 70 68 12
P -0.00000009 2.00000000 1.57079639