等待接收数据中…
RESET
A -70 14 0
A -60 15 1
A -50 15 1
A -40 15 1
A -30 14 0
A -20 13 1
A -10 13 1
A 0 13 1
A 10 14 0
A 20 15 1
A 30 15 1
A 40 15 1
A 50 17 1
A 60 66 0
A 70 15 1
M 2.00
A -70 14 0
A -60 14 0
A -50 15 1
A -40 15 1
A -30 14 0
A -20 14 0
A -10 14 0
A 0 13 1
A 10 13 1
A 20 14 0
A 30 14 0
A 40 15 1
A 50 15 1
A 60 16 0
A 70 15 1
M 2.00
A -70 14 0
A -60 14 0
A -50 14 0
A -40 16 0
A -30 15 1
A -20 14 0
A -10 13 1
A 0 12 0
A 10 14 0
A 20 13 1
A 30 14 0
A 40 15 1
A 50 15 1
A 60 14 2
A 70 11 3
M 2.00
A -70 15 1
A -60 15 1
A -50 15 1
A -40 16 0
A -30 15 1
A -20 14 0
A -10 13 1
A 0 6 6
A 10 14 0
A 20 14 0
A 30 46 32
A 40 14 2
A 50 26 10
A 60 27 11
A 70 15 1
M 2.00
A -70 14 0
A -60 15 1
A -50 16 0
A -40 15 1
A -30 15 1
A -20 14 0
A -10 15 1
A 0 15 3
A 10 14 2
A 20 16 2
A 30 15 1
A 40 16 0
A 50 17 1
A 60 21 3
A 70 16 0
M 2.00
A -70 15 1
A -60 14 0
A -50 14 0
A -40 14 0
A -30 14 0
A -20 14 0
A -10 14 0
A 0 15 1
A 10 15 1
A 20 8 8
A 30 7 7
A 40 7 7
A 50 7 7
A 60 8 8
A 70 7 7
M 2.00
A -70 14 0
A -60 14 0
A -50 16 0
A -40 14 0
A -30 14 0
A -20 14 0
A -10 15 1
A 0 14 0
A 10 14 0
A 20 14 0
A 30 14 0
A 40 14 0
A 50 14 0
A 60 14 0
A 70 14 0
M 2.00
A -70 14 0
RESET
RESET
RESET
RESET
RESET
RESET
RESET
RESET
RESET
RESET
RESET
RESET
RESET
RESET
RESET
RESET
RESET
RESET
RESET
RESET
RESET
RESET
RESET
RESET
RESET
A -70 56 0
A -60 56 0
A -50 56 0
A -40 56 0
A -30 56 0
A -20 56 0
A -10 54 0
A 0 55 1
A 10 55 1
A 20 56 0
A 30 56 2
A 40 55 1
A 50 52 0
A 60 34 22
A 70 35 25
M 2.00
RESET
RESET
RESET
RESET
A -70 55 1
A -60 35 21
A -50 32 22
A -40 32 22
A -30 35 21
A -20 36 18
A -10 39 15
A 0 41 13
A 10 38 18
A 20 32 24
A 30 31 23
A 40 32 24
A 50 31 23
A 60 32 24
A 70 32 24
M 2.00
A -70 56 2
A -60 55 1
A -50 56 0
A -40 52 2
A -30 55 1
A -20 55 1
A -10 63 1
A 0 54 2
A 10 56 0
A 20 56 0
A 30 52 0
A 40 54 0
A 50 55 1
A 60 51 1
A 70 56 0
M 2.00
A -70 56 0
A -60 57 1
A -50 56 0
A -40 54 0
A -30 65 9
A -20 54 0
A -10 74 18
A 0 32 20
A 10 8 0
A 20 32 22
A 30 37 21
A 40 57 1
A 50 56 0
A 60 56 0
A 70 56 0
M 2.00
A -70 55 1
A -60 56 0
A -50 56 0
A -40 56 0
A -30 56 0
A -20 54 0
A -10 80 24
A 0 66 10
A 10 33 21
A 20 53 1
A 30 52 0
A 40 32 24
A 50 34 22
A 60 76 22
A 70 56 0
M 2.00
A -70 55 1
A -60 57 3
A -50 56 0
A -40 55 1
A -30 55 1
A -20 55 1
A -10 55 1
A 0 55 1
A 10 56 0
A 20 55 1
A 30 55 1
A 40 56 0
A 50 59 5
A 60 53 1
A 70 55 1
M 2.00