A 0 113 3
A 10 109 3
A 20 106 8
A 30 108 8
A 40 113 15
A 50 123 13
A 60 141 33
A 70 140 42
M 2.00
A -70 52 0
A -60 50 0
A -50 52 0
A -40 63 7
A -30 108 0
A -20 105 5
A -10 109 1
A 0 108 0
A 10 103 5
A 20 108 0
A 30 106 2
A 40 108 0
A 50 108 0
A 60 98 10
A 70 108 0
M 2.00
A -70 48 0
A -60 48 0
A -50 49 1
A -40 53 1
A -30 102 6
A -20 108 0
A -10 108 2
A 0 108 2
A 10 96 10
A 20 103 3
A 30 108 0
A 40 107 1
A 50 108 0
A 60 103 5
A 70 109 1
M 2.00
A -70 44 0
A -60 45 1
A -50 46 0
A -40 48 0
A -30 108 0
A -20 108 0
A -10 103 5
A 0 107 1
A 10 104 0
A 20 102 4
A 30 105 1
A 40 108 0
A 50 104 4
A 60 108 0
A 70 108 0
M 2.00
A -70 43 1
A -60 44 0
A -50 45 1
A -40 49 1
A -30 108 0
A -20 94 6
A -10 108 0
A 0 106 0
A 10 93 9
A 20 99 1
A 30 103 5
A 40 110 0
A 50 109 3
A 60 104 4
A 70 109 1
M 2.00
A -70 44 0
A -60 43 1
A -50 44 0
A -40 48 0
A -30 102 2
A -20 103 5
A -10 105 3
A 0 105 1
A 10 102 4
A 20 102 2
A 30 101 3
A 40 107 1
A 50 98 10
A 60 108 0
A 70 103 5
M 2.00
A -70 42 0
A -60 42 0
A -50 44 0
A -40 47 1
A -30 107 1
A -20 108 0
A -10 100 2
A 0 102 2
A 10 79 5
A 20 100 2
A 30 101 3
A 40 101 3
A 50 108 0
A 60 104 4
A 70 103 5
M 2.00
A -70 40 0
A -60 41 1
A -50 42 0
A -40 47 1
A -30 101 1
A -20 108 0
A -10 99 1
A 0 98 0
A 10 91 5
A 20 98 0
A 30 97 1
A 40 99 1
A 50 90 6
A 60 107 1
A 70 105 5
M 2.00
A -70 40 0
A -60 40 0
A -50 41 1
A -40 45 1
A -30 104 0
A -20 98 0
A -10 98 0
A 0 95 1
A 10 89 5
A 20 95 1
A 30 96 0
A 40 96 0
A 50 100 2
A 60 105 5
A 70 110 0
M 2.00
A -70 38 0
A -60 39 1
A -50 40 0
A -40 44 0
A -30 102 4
A -20 96 0
A -10 94 0
A 0 92 0
A 10 91 1
A 20 92 0
A 30 90 2
A 40 93 1
A 50 99 1
A 60 108 2
A 70 104 6
M 2.00
A -70 38 0
A -60 38 0
A -50 39 1
A -40 43 1
A -30 98 8
A -20 99 1
A -10 92 2
A 0 91 1
A 10 90 0
A 20 89 1
A 30 90 0
A 40 92 0
A 50 95 1
A 60 108 0
A 70 109 1
M 2.00
A -70 36 0
A -60 37 1
A -50 39 1
A -40 43 1
A -30 93 3
A -20 95 1
A -10 90 2
A 0 87 1
A 10 86 0
A 20 86 0
A 30 88 0
A 40 96 4
A 50 110 0
A 60 109 1
A 70 109 1
M 2.00
A -70 36 0
A -60 36 0
A -50 37 1
A -40 40 0
A -30 87 3
A -20 88 0
A -10 83 1
A 0 81 1
A 10 80 0
A 20 80 0
A 30 82 0
A 40 84 0
A 50 88 2
A 60 105 5
A 70 104 6
M 2.00
A -70 36 0
A -60 36 0
A -50 36 0
A -40 39 1
A -30 84 0
A -20 83 1
A -10 78 0
A 0 76 0
A 10 76 0
A 20 76 0
A 30 76 0
A 40 77 1
A 50 83 3
A 60 105 5
A 70 107 1
M 2.00
A -70 34 0
A -60 34 0
A -50 35 1
A -40 39 1
A -30 79 1
A -20 77 1
A -10 74 0
A 0 72 0
A 10 71 1
A 20 71 1
A 30 72 0
A 40 74 0
A 50 77 1
A 60 95 11
A 70 110 2
M 2.00
A -70 34 0
A -60 34 0
A -50 34 0
A -40 38 2
A -30 77 1
A -20 74 0
A -10 70 0
A 0 68 0
A 10 66 0
A 20 66 0
A 30 67 1
A 40 69 1
A 50 74 2
A 60 89 13
A 70 101 1
M 2.00
A -70 32 0
A -60 32 0
A -50 34 0
A -40 37 1
A -30 76 0
A -20 75 1
A -10 66 0
A 0 64 0
A 10 63 1
A 20 64 0
A 30 64 0
A 40 66 0
A 50 68 2
A 60 93 5
A 70 108 0
M 2.00
A -70 30 0
A -60 30 0
A -50 32 0
A -40 35 1
A -30 73 1
A -20 72 0
A -10 64 0
A 0 60 0
A 10 60 0
A 20 60 0
A 30 60 0
A 40 64 0
A 50 72 4
A 60 93 17
A 70 104 6
M 2.00
A -70 30 0
A -60 30 0
A -50 31 1
A -40 35 1
A -30 68 0
A -20 63 1
A -10 59 1
A 0 56 0
A 10 56 0
A 20 56 0
A 30 56 0
A 40 60 0
A 50 72 8
A 60 90 14
A 70 104 6
M 2.00
A -70 30 0
A -60 29 1
A -50 30 0
A -40 34 0
A -30 63 1
A -20 61 1
A -10 54 0
A 0 52 0
A 10 52 0
A 20 51 1
A 30 52 0
A 40 54 0
A 50 58 2
A 60 87 11
A 70 110 0
T 70.00
A -70 68 0
A -60 58 0
A -50 56 0
A -40 55 1
A -30 54 0
A -20 56 0
A -10 56 0
A 0 63 1
A 10 69 5
A 20 108 0
A 30 108 0
A 40 103 5
A 50 103 5
A 60 98 0
A 70 108 0
M 2.00
A -70 62 0
A -60 55 1
A -50 52 0
A -40 52 0
A -30 52 0
A -20 52 0
A -10 54 0
A 0 58 0
A 10 65 1
A 20 108 0
A 30 105 5
A 40 108 2
A 50 109 1
A 60 103 5
A 70 109 1
M 2.00
A -70 60 2
A -60 52 0
A -50 50 0
A -40 50 0
A -30 49 1
A -20 50 0
A -10 51 1
A 0 54 0
A 10 78 6
A 20 107 3
A 30 108 2
A 40 109 1
A 50 109 1
A 60 108 0
A 70 109 1
M 2.00
A -70 63 3
A -60 50 0
A -50 46 0
A -40 46 0
A -30 46 0
A -20 46 0
A -10 48 0
A 0 51 1
A 10 65 9
A 20 108 0
A 30 107 1
A 40 103 5
A 50 108 2
A 60 110 0
A 70 109 1
M 2.00
A -70 54 2
A -60 46 0
A -50 44 0
A -40 43 1
A -30 44 0
A -20 44 0
A -10 44 0
A 0 48 0
A 10 79 29
A 20 109 1
A 30 108 0
A 40 109 1
A 50 103 5
A 60 102 6
A 70 105 5
M 2.00
A -70 51 1
A -60 43 1
A -50 40 0
A -40 39 1
A -30 39 1
A -20 39 1
A -10 40 0
A 0 44 0
A 10 85 11
A 20 103 5
A 30 101 3
A 40 107 3
A 50 103 5
A 60 107 3
A 70 109 1
M 2.00
A -70 66 0
A -60 39 1
A -50 37 1
A -40 36 0
A -30 36 0
A -20 36 0
A -10 37 1
A 0 41 1
A 10 93 7
A 20 108 2
A 30 109 1
A 40 103 5
A 50 103 5
A 60 98 0
A 70 108 0
M 2.00
A -70 46 2
A -60 37 1
A -50 34 0
A -40 33 1
A -30 33 1
A -20 34 0
A -10 34 0
A 0 39 1
A 10 101 3
A 20 109 1
A 30 108 2
A 40 108 0
A 50 108 0
A 60 92 16
A 70 108 0
M 2.00
A -70 83 7
A -60 34 0
A -50 30 0
A -40 30 0
A -30 30 0
A -20 30 0
A -10 32 0
A 0 34 0
A 10 94 4
A 20 93 15
A 30 104 4
A 40 104 6
A 50 108 2
A 60 102 2
A 70 110 0
M 2.00
A -70 75 9
A -60 30 0
A -50 27 1
A -40 26 0
A -30 26 0
A -20 27 1
A -10 30 0
A 0 31 1
A 10 91 7
A 20 108 0
A 30 108 0
A 40 108 0
A 50 108 0
A 60 109 1
A 70 108 2
T 60.00
A -70 30 0
A -60 31 1
A -50 38 2
A -40 109 1
A -30 108 0
A -20 109 1
A -10 110 0
A 0 102 2
A 10 109 1
A 20 99 1
A 30 108 0
A 40 106 2
A 50 106 0
A 60 105 1
A 70 109 1
M 2.00
A -70 30 0
A -60 32 0
A -50 102 4
A -40 108 0
A -30 107 1
A -20 104 4
A -10 98 0
A 0 108 0
A 10 98 0
A 20 109 1
A 30 108 0
A 40 108 0
A 50 108 0
A 60 103 5
A 70 109 1
M 2.00
A -70 30 0
A -60 33 1
A -50 56 20
A -40 109 1
A -30 105 1
A -20 104 6
A -10 103 5
A 0 108 0
A 10 109 1
A 20 104 4
A 30 109 1
A 40 98 0
A 50 109 1
A 60 104 4
A 70 108 0
M 2.00
A -70 30 0
A -60 33 1
A -50 42 2
A -40 107 1
A -30 107 1
A -20 108 0
A -10 102 4
A 0 107 3
A 10 92 6
A 20 107 1
A 30 109 1
A 40 103 5
A 50 104 4
A 60 105 5
A 70 104 6
M 2.00
A -70 31 1
A -60 33 1
A -50 39 1
A -40 103 5
A -30 103 5
A -20 107 1
A -10 107 1
A 0 106 2
A 10 98 2
A 20 108 0
A 30 97 13
A 40 105 5
A 50 109 1
A 60 103 5
A 70 104 6
M 2.00
A -70 32 0
A -60 35 1
A -50 61 19
A -40 99 11
A -30 108 0
A -20 104 4
A -10 102 4
A 0 110 0
A 10 93 5
A 20 100 8
A 30 105 3
A 40 108 0
A 50 105 5
A 60 108 0
A 70 109 1
M 2.00
A -70 32 0
A -60 34 0
A -50 69 29
A -40 103 5
A -30 105 3
A -20 107 1
A -10 107 1
A 0 99 1
A 10 103 5
A 20 107 1
A 30 102 6
A 40 107 1
A 50 103 5
A 60 102 6
A 70 109 1
M 2.00
A -70 32 0
A -60 36 0
A -50 72 36
A -40 106 2
A -30 104 4
A -20 108 0
A -10 99 1
A 0 104 4
A 10 103 5
A 20 98 0
A 30 102 4
A 40 108 0
A 50 104 4
A 60 110 0
A 70 107 1
M 2.00
A -70 34 0
A -60 36 0
A -50 70 28
A -40 104 4
A -30 104 4
A -20 104 6
A -10 108 0
A 0 108 0
A 10 58 40
A 20 109 1
A 30 109 1
A 40 108 0
A 50 108 0
A 60 106 2
A 70 109 1
M 2.00
A -70 34 0
A -60 36 2
A -50 78 28
A -40 107 1
A -30 109 1
A -20 104 4
A -10 108 0
A 0 99 1
A 10 104 6
A 20 108 2
A 30 104 4
A 40 108 0
A 50 108 2
A 60 102 6
A 70 110 0
M 2.00
A -70 34 0
A -60 36 0
A -50 101 3
A -40 103 5
A -30 103 7
A -20 103 5
A -10 108 0
A 0 102 4
A 10 91 7
A 20 97 11
A 30 104 6
A 40 97 11
A 50 109 1
A 60 100 2
A 70 103 5
M 2.00
A -70 34 0
A -60 37 1
A -50 69 29
A -40 108 0
A -30 104 4
A -20 104 4
A -10 107 1
A 0 110 0
A 10 86 2
A 20 98 0
A 30 109 1
A 40 106 2
A 50 104 6
A 60 104 4
A 70 108 2
M 2.00
A -70 35 1
A -60 37 1
A -50 91 17
A -40 100 4
A -30 108 0
A -20 104 2
A -10 104 4
A 0 102 4
A 10 92 8
A 20 105 3
A 30 109 1
A 40 108 0
A 50 103 5
A 60 108 0
A 70 104 4
M 2.00
A -70 35 1
A -60 37 1
A -50 72 32
A -40 107 1
A -30 108 0
A -20 109 1
A -10 101 3
A 0 103 5
A 10 62 46
A 20 109 1
A 30 108 0
A 40 102 4
A 50 104 4
A 60 108 0
A 70 102 4
M 2.00
A -70 36 0
A -60 37 1
A -50 64 8
A -40 70 0
A -30 70 0
A -20 44 0
A -10 40 0
A 0 38 0
A 10 39 1
A 20 49 9
A 30 66 22
A 40 92 16
A 50 109 1
A 60 103 5
A 70 107 1
M 2.00
A -70 36 0
A -60 37 1
A -50 44 0
A -40 69 3
A -30 68 2
A -20 41 1
A -10 36 0
A 0 36 0
A 10 36 0
A 20 27 9
A 30 37 1
A 40 104 6
A 50 103 5
A 60 97 11
A 70 102 6
T 40.00
A -70 67 1
A -60 42 2
A -50 36 0
A -40 34 0
A -30 34 0
A -20 35 1
A -10 38 0
A 0 49 5
A 10 80 6
A 20 107 1
A 30 109 1
A 40 107 1
A 50 99 1
A 60 104 4
A 70 108 0
M 2.00
A -70 67 1
A -60 35 1
A -50 33 1
A -40 32 0
A -30 31 1
A -20 33 1
A -10 34 0
A 0 103 5
A 10 92 8
A 20 105 3
A 30 100 2
A 40 108 2
A 50 107 3
A 60 103 5
A 70 102 4
M 2.00
A -70 64 0
A -60 31 1
A -50 30 0
A -40 29 1
A -30 30 0
A -20 30 0
A -10 37 1
A 0 99 1
A 10 97 1
A 20 98 0
A 30 103 5
A 40 108 0
A 50 98 0
A 60 104 6
A 70 100 2
T 40.00
A -70 30 0
A -60 30 0
A -50 33 1
A -40 93 5
A -30 105 3
A -20 110 6
A -10 108 0
A 0 109 1
A 10 98 0
A 20 98 0
A 30 107 1
A 40 107 3
A 50 103 3
A 60 98 0
A 70 102 6
M 2.00
A -70 30 0
A -60 30 0
A -50 36 2
A -40 99 1
A -30 108 0
A -20 103 5
A -10 106 2
A 0 106 0
A 10 49 31
A 20 108 0
A 30 104 4
A 40 105 5
A 50 107 1
A 60 102 4
A 70 104 4
M 2.00
A -70 30 0
A -60 34 0
A -50 101 3
A -40 109 1
A -30 101 3
A -20 109 1
A -10 107 1
A 0 109 1
A 10 92 6
A 20 108 2
A 30 103 5
A 40 109 1
A 50 103 5
A 60 93 7
A 70 108 0
M 2.00
A -70 32 0
A -60 39 5
A -50 103 5
A -40 109 1
A -30 102 6
A -20 104 6
A -10 104 2
A 0 108 0
A 10 105 5
A 20 102 4
A 30 101 3
A 40 103 5
A 50 109 1
A 60 109 1
A 70 104 4
M 2.00
A -70 34 0
A -60 57 21
A -50 103 5
A -40 108 0
A -30 103 5
A -20 108 0
A -10 103 5
A 0 104 6
A 10 98 0
A 20 104 6
A 30 99 1
A 40 101 1
A 50 108 2
A 60 95 11
A 70 110 0
M 2.00
A -70 36 0
A -60 77 1
A -50 93 5
A -40 108 0
A -30 109 1
A -20 99 1
A -10 110 0
A 0 103 5
A 10 97 11
A 20 101 3
A 30 104 4
A 40 104 4
A 50 103 5
A 60 107 1
A 70 103 5
M 2.00
A -70 37 1
A -60 103 5
A -50 107 1
A -40 104 2
A -30 108 0
A -20 100 6
A -10 77 27
A 0 72 26
A 10 72 26
A 20 78 30
A 30 101 3
A 40 108 2
A 50 103 5
A 60 93 9
A 70 109 1
M 2.00
A -70 60 16
A -60 97 1
A -50 104 4
A -40 102 2
A -30 104 6
A -20 102 4
A -10 45 1
A 0 44 0
A 10 31 13
A 20 45 1
A 30 100 8
A 40 108 0
A 50 99 11
A 60 103 5
A 70 103 5
M 2.00
A -70 98 0
A -60 109 1
A -50 103 5
A -40 102 4
A -30 99 1
A -20 104 6
A -10 40 0
A 0 39 1
A 10 38 0
A 20 39 1
A 30 83 9
A 40 98 2
A 50 104 4
A 60 104 6
A 70 104 4
M 2.00
A -70 100 0
A -60 101 5
A -50 109 1
A -40 103 5
A -30 104 4
A -20 108 0
A -10 36 0
A 0 34 0
A 10 33 1
A 20 36 0
A 30 103 5
A 40 108 2
A 50 103 5
A 60 104 6
A 70 105 5
M 2.00
A -70 109 1
A -60 103 7
A -50 107 1
A -40 106 2
A -30 104 6
A -20 103 5
A -10 33 1
A 0 30 0
A 10 29 1
A 20 31 1
A 30 69 31
A 40 108 2
A 50 108 0
A 60 102 6