A -70 45 0
A -60 45 0
A -50 45 0
A -40 45 3
A -30 45 0
A -20 45 0
A -10 45 1
A  0 45 0
A 10 45 0
A 20 45 0
A 30 45 2
A 40 45 0
A 50 45 0
A 60 45 0
A 70 100 0
T 180.0
A -70 45 0
A -60 45 0
A -50 45 0
A -40 45 3
A -30 45 0
A -20 45 0
A -10 45 1
A  0 45 0
A 10 45 0
A 20 45 0
A 30 45 2
A 40 45 0
A 50 45 0
A 60 45 0
A 70 100 0
M 10.0
A -70 45 0
A -60 45 0
A -50 45 0
A -40 45 3
A -30 45 0
A -20 45 0
A -10 45 1
A  0 45 0
A 10 45 0
A 20 45 0
A 30 45 2
A 40 45 0
A 50 45 0
A 60 45 0
A 70 100 0