等待接收数据中…
A -70 292 12
A -60 298 6
A -50 279 3
A -40 296 8
A -30 287 5
A -20 282 2
A -10 283 21
A 0 266 18
A 10 266 28
A 20 279 1
A 30 284 4
A 40 293 11
A 50 295 9
A 60 293 13
A 70 293 11
C
M 2.00
A -70 279 1
A -60 283 3
A -50 265 21
A -40 258 20
A -30 266 16
A -20 282 0
A -10 281 1
A 0 244 4
A 10 286 6
A 20 257 13
A 30 266 16
A 40 292 10
A 50 282 4
A 60 267 21
A 70 283 1
C
M 2.00
A -70 276 6
A -60 285 5
A -50 282 0
A -40 280 0
A -30 263 17
A -20 272 18
A -10 289 5
A 0 296 8
A 10 281 1
A 20 274 6
A 30 260 10
A 40 279 3
A 50 277 5
A 60 258 20
A 70 275 5
C
M 2.00
A -70 259 9
A -60 276 6
A -50 280 0
A -40 260 20
A -30 279 5
A -20 286 6
A -10 262 24
A 0 262 22
A 10 264 16
A 20 280 4
A 30 278 2
A 40 290 10
A 50 263 23
A 60 160 120
A 70 148 112
C
M 2.00
A -70 38 0
A -60 38 0
A -50 37 1
A -40 39 3
A -30 39 3
A -20 41 5
A -10 45 9
A 0 46 10
A 10 45 9
A 20 47 11
A 30 45 9
A 40 45 9
A 50 46 10
A 60 46 10
A 70 46 10
C
M 2.00
A -70 16 0
A -60 15 1
A -50 16 2
A -40 19 5
A -30 122 108
A -20 149 133
A -10 151 135
A 0 148 132
A 10 146 124
A 20 164 106
A 30 286 0
A 40 253 17
A 50 148 92
A 60 178 124
A 70 163 109
C
T 30.00
A -70 263 1
A -60 242 4
A -50 267 3
A -40 282 0
A -30 286 4
A -20 251 13
A -10 282 2
A 0 273 9
A 10 266 30
A 20 150 132
A 30 150 130
A 40 162 142
A 50 145 127
A 60 146 126
A 70 151 133
C
M 2.00
A -70 22 0
A -60 21 1
A -50 22 0
A -40 21 1
A -30 20 0
A -20 21 1
A -10 21 1
A 0 21 1
A 10 22 0
A 20 22 2
A 30 24 4
A 40 28 10
A 50 27 7
A 60 24 4
A 70 25 5
C
T 40.00
A -70 25 1
A -60 27 1
A -50 26 0
A -40 26 0
A -30 27 1
A -20 26 0
A -10 26 0
A 0 24 0
A 10 24 0
A 20 25 1
A 30 25 1
A 40 25 1
A 50 26 0
A 60 27 1
A 70 26 0
C
RESET
A -70 29 1
A -60 28 2
A -50 29 1
A -40 28 0
A -30 29 1
A -20 33 5
A -10 129 103
A 0 157 131
A 10 155 127
A 20 155 127
A 30 137 111
A 40 132 106
A 50 153 127
A 60 149 123
A 70 153 127
C
T 0.00
A -70 286 2
A -60 273 9
A -50 270 0
A -40 265 17
A -30 293 11
A -20 258 12
A -10 273 7