A -70 38 0
A -60 38 0
A -50 41 1
A -40 186 0
A -30 99 1
A -20 94 0
A -10 91 1
A 0 90 0
A 10 90 0
A 20 92 0
A 30 93 1
A 40 97 1
A 50 84 18
A 60 62 0
A 70 60 0
C
M 2
A -70 38 0
A -60 39 1
A -50 42 2
A -40 167 15
A -30 96 0
A -20 99 1
A -10 90 0
A 0 89 1
A 10 89 1
A 20 89 1
A 30 92 2
A 40 183 1
A 50 95 27
A 60 63 1
A 70 60 0
C
M 2
A -70 36 0
A -60 38 0
A -50 41 1
A -40 95 1
A -30 93 1
A -20 85 1
A -10 83 1
A 0 82 0
A 10 82 0
A 20 83 1
A 30 87 1
A 40 118 0
A 50 118 0
A 60 65 1
A 70 60 0
C
M 2
A -70 36 0
A -60 37 1
A -50 41 1
A -40 90 0
A -30 89 1
A -20 79 1
A -10 78 0
A 0 78 0
A 10 77 1
A 20 78 0
A 30 80 0
A 40 85 1
A 50 112 0
A 60 89 23
A 70 60 0
C
M 2
A -70 36 0
A -60 37 1
A -50 42 2
A -40 85 1
A -30 79 1
A -20 75 1
A -10 72 0
A 0 72 0
A 10 72 0
A 20 72 0
A 30 74 0
A 40 79 1
A 50 112 0
A 60 110 0
A 70 63 1
C
M 2
A -70 36 0
A -60 38 0
A -50 40 2
A -40 80 0
A -30 78 4
A -20 70 0
A -10 69 1
A 0 68 0
A 10 68 0
A 20 69 1
A 30 70 0
A 40 75 3
A 50 108 0
A 60 108 0
A 70 112 0
C
M 2
A -70 36 0
A -60 37 1
A -50 39 1
A -40 80 0
A -30 77 1
A -20 68 0
A -10 64 0
A 0 64 0
A 10 64 0
A 20 64 0
A 30 66 0
A 40 72 2
A 50 111 1
A 60 109 1
A 70 66 2
C
M 2
A -70 36 0
A -60 36 0
A -50 39 1
A -40 76 0
A -30 75 1
A -20 66 2
A -10 63 1
A 0 61 1
A 10 60 0
A 20 61 1
A 30 64 0
A 40 105 37
A 50 144 0
A 60 129 13
A 70 68 4
C
M 2
A -70 36 0
A -60 36 0
A -50 40 2
A -40 61 11
A -30 70 0
A -20 61 1
A -10 58 0
A 0 58 0
A 10 58 0
A 20 58 0
A 30 60 0
A 40 138 0
A 50 141 1
A 60 143 1
A 70 106 36
C
M 2
A -70 36 0
A -60 36 0
A -50 39 1
A -40 57 11
A -30 64 0
A -20 56 0
A -10 54 0
A 0 53 1
A 10 52 0
A 20 53 1
A 30 55 1
A 40 62 4
A 50 139 1
A 60 142 2
A 70 230 0
C
M 2
A -70 35 1
A -60 37 1
A -50 39 1
A -40 64 0
A -30 59 5
A -20 50 0
A -10 49 1
A 0 48 0
A 10 48 0
A 20 49 1
A 30 50 0
A 40 53 1
A 50 169 17
A 60 177 3
A 70 188 4
C
M 2
A -70 34 0
A -60 36 0
A -50 38 0
A -40 60 0
A -30 62 0
A -20 48 0
A -10 44 0
A 0 44 0
A 10 44 0
A 20 44 0
A 30 46 0
A 40 49 1
A 50 131 1
A 60 166 34
A 70 230 0
C
M 2
A -70 34 0
A -60 36 0
A -50 39 1
A -40 51 7
A -30 54 6
A -20 44 0
A -10 42 0
A 0 40 0
A 10 40 0
A 20 42 0
A 30 43 1
A 40 85 39
A 50 126 0
A 60 130 2
A 70 228 2
C
M 2
A -70 35 1
A -60 36 0
A -50 37 1
A -40 45 1
A -30 57 1
A -20 39 1
A -10 38 0
A 0 36 0
A 10 36 0
A 20 37 1
A 30 38 0
A 40 41 1
A 50 123 1
A 60 125 1
A 70 181 49
C
M 2
A -70 34 0
A -60 36 0
A -50 37 1
A -40 55 9
A -30 62 2
A -20 37 1
A -10 32 0
A 0 33 1
A 10 32 0
A 20 32 0
A 30 35 1
A 40 37 1
A 50 119 1
A 60 122 2
A 70 129 1
C
M 2
A -70 34 0
A -60 35 1
A -50 37 1
A -40 52 0
A -30 36 0
A -20 33 1
A -10 28 0
A 0 28 0
A 10 27 1
A 20 28 0
A 30 30 0
A 40 33 1
A 50 118 0
A 60 119 1
A 70 192 4
C
M 2
A -70 34 0
A -60 34 0
A -50 39 1
A -40 48 8
A -30 104 42
A -20 28 0
A -10 26 0
A 0 24 0
A 10 24 0
A 20 26 0
A 30 25 1
A 40 33 3
A 50 112 0
A 60 115 1
A 70 119 1
C
M 2
A -70 34 0
A -60 34 0
A -50 37 1
A -40 43 1
A -30 66 0
A -20 21 1
A -10 22 0
A 0 22 0
A 10 22 0
A 20 20 0
A 30 20 0
A 40 28 2
A 50 110 0
A 60 116 4
A 70 178 2
C
M 2
A -70 32 0
A -60 35 1
A -50 36 0
A -40 65 1
A -30 53 7
A -20 19 1
A -10 16 0
A 0 17 1
A 10 16 0
A 20 16 0
A 30 18 2
A 40 20 0
A 50 107 1
A 60 108 0
A 70 173 1
C
T -70
A -70 198 2
A -60 180 2
A -50 167 9
A -40 33 1
A -30 31 1
A -20 32 0
A -10 32 0
A 0 30 0
A 10 34 0
A 20 36 0
A 30 42 0
A 40 45 1
A 50 18 0
A 60 16 0
A 70 16 0
C
T -70
A -70 81 1
A -60 166 2
A -50 179 3
A -40 182 2
A -30 178 0
A -20 271 1
A -10 254 16
A 0 212 2
A 10 219 1
A 20 37 1
A 30 33 1
A 40 31 1
A 50 30 0
A 60 32 0
A 70 34 0
C
M 2
A -70 85 1
A -60 164 2
A -50 213 19
A -40 178 2
A -30 178 0
A -20 180 0
A -10 191 5
A 0 209 7
A 10 218 0
A 20 145 1
A 30 31 1
A 40 29 1
A 50 29 1
A 60 30 0
A 70 31 1
C
M 2
A -70 86 2
A -60 171 5
A -50 170 2
A -40 169 1
A -30 166 0
A -20 168 0
A -10 174 0
A 0 214 2
A 10 205 9
A 20 31 1
A 30 30 0
A 40 27 1
A 50 26 0
A 60 28 0
A 70 28 0
C
M 2
A -70 123 31
A -60 155 1
A -50 167 1
A -40 160 2
A -30 161 1
A -20 168 0
A -10 172 2
A 0 201 5
A 10 180 28
A 20 28 0
A 30 26 0
A 40 23 1
A 50 23 1
A 60 25 1
A 70 27 1
C
M 2
A -70 150 0
A -60 154 2
A -50 172 0
A -40 159 1
A -30 154 0
A -20 156 2
A -10 163 3
A 0 206 0
A 10 202 0
A 20 28 0
A 30 22 2
A 40 20 0
A 50 20 0
A 60 21 1
A 70 24 0
C
M 2
A -70 153 1
A -60 156 0
A -50 159 7
A -40 149 1
A -30 149 1
A -20 170 2
A -10 206 0
A 0 201 1
A 10 24 0
A 20 27 1
A 30 16 0
A 40 18 0
A 50 18 0
A 60 17 1
A 70 19 1
C
T -10
A -70 123 29
A -60 153 1
A -50 154 0
A -40 152 0
A -30 150 0
A -20 149 1
A -10 197 43
A 0 202 4
A 10 197 1
A 20 194 2
A 30 23 1
A 40 19 1
A 50 18 0
A 60 18 0
A 70 19 1
C
T 0
A -70 96 2
A -60 156 2
A -50 153 1
A -40 153 1
A -30 149 1
A -20 149 1
A -10 154 2
A 0 204 6
A 10 199 1
A 20 190 6
A 30 22 0
A 40 21 1
A 50 18 0
A 60 18 0
A 70 20 0
C
T 0
A -70 123 29
A -60 160 8
A -50 164 6
A -40 150 2
A -30 150 0
A -20 148 0
A -10 159 7
A 0 220 18
A 10 229 31
A 20 200 6
A 30 22 0
A 40 21 1
A 50 18 0
A 60 18 0
A 70 20 0
C
T -10
A -70 88 0
A -60 146 0
A -50 147 3
A -40 155 7
A -30 152 0
A -20 149 1
A -10 148 0
A 0 155 1
A 10 231 7
A 20 206 10
A 30 172 38
A 40 20 0
A 50 20 0
A 60 20 0
A 70 19 1
C
T -10
A -70 84 0
A -60 87 1
A -50 145 1
A -40 150 2
A -30 156 4
A -20 154 4
A -10 150 0
A 0 149 1
A 10 151 1
A 20 219 9
A 30 212 2
A 40 107 81
A 50 24 0
A 60 19 1
A 70 18 0
C
T -20
A -70 85 1
A -60 84 0
A -50 85 1
A -40 95 1
A -30 147 1
A -20 150 0
A -10 170 20
A 0 153 1
A 10 153 1
A 20 151 1
A 30 152 0
A 40 159 7
A 50 206 10
A 60 25 1
A 70 24 0
C
M 2
A -70 86 0
A -60 87 1
A -50 87 1
A -40 92 0
A -30 144 0
A -20 145 1
A -10 146 0
A 0 146 0
A 10 148 0
A 20 148 0
A 30 147 1
A 40 156 4
A 50 189 1
A 60 84 54
A 70 20 0
C
M 2
A -70 84 0
A -60 82 0
A -50 81 1
A -40 88 4
A -30 143 1
A -20 150 2
A -10 146 2
A 0 143 1
A 10 141 1
A 20 142 0
A 30 156 0
A 40 188 0
A 50 189 1
A 60 25 1
A 70 23 1
C
M 2
A -70 80 0
A -60 80 0
A -50 81 1
A -40 86 2
A -30 151 3
A -20 157 1
A -10 172 12
A 0 137 1
A 10 135 1
A 20 136 0
A 30 146 4
A 40 211 15
A 50 188 0
A 60 107 79
A 70 23 1
C
M 2
A -70 80 0
A -60 80 0
A -50 81 1
A -40 126 38
A -30 164 0
A -20 163 1
A -10 172 6
A 0 135 1
A 10 132 0
A 20 131 1
A 30 134 0
A 40 221 1
A 50 197 5
A 60 28 0
A 70 25 1
C
M 2
A -70 78 0
A -60 78 0
A -50 80 0
A -40 114 26
A -30 141 1
A -20 143 1
A -10 141 1
A 0 128 0
A 10 128 0
A 20 130 0
A 30 141 9
A 40 195 1
A 50 187 1
A 60 104 76
A 70 24 0
C
M 2
A -70 74 0
A -60 74 0
A -50 77 1
A -40 104 24
A -30 132 0
A -20 148 0
A -10 227 19
A 0 126 0
A 10 125 1
A 20 125 1
A 30 171 25
A 40 192 2
A 50 180 2
A 60 29 1
A 70 25 1
C
M 2
A -70 74 0
A -60 74 0
A -50 77 1
A -40 143 7
A -30 151 7
A -20 160 4
A -10 323 1
A 0 121 1
A 10 121 1
A 20 121 1
A 30 126 0
A 40 223 7
A 50 202 12
A 60 105 79
A 70 24 0
C
M 2
A -70 72 0
A -60 73 1
A -50 77 1
A -40 117 35
A -30 136 8
A -20 155 1
A -10 255 17
A 0 122 2
A 10 117 1
A 20 118 0
A 30 134 4
A 40 208 8
A 50 199 7
A 60 31 1
A 70 27 1
C
M 2
A -70 72 0
A -60 73 1
A -50 77 1
A -40 118 2
A -30 119 1
A -20 137 1
A -10 335 11
A 0 311 31
A 10 118 2
A 20 158 36
A 30 262 34
A 40 210 2
A 50 188 0
A 60 104 78
A 70 26 0
C
M 2
A -70 72 0
A -60 73 1
A -50 77 1
A -40 123 7
A -30 130 0
A -20 136 2
A -10 282 0
A 0 386 64
A 10 313 43
A 20 311 35
A 30 222 6
A 40 243 37
A 50 188 2
A 60 33 1
A 70 27 3
C
M 2
A -70 72 0
A -60 75 1
A -50 113 29
A -40 134 10
A -30 172 0
A -20 211 39
A -10 407 3
A 0 318 6
A 10 286 38
A 20 350 102
A 30 258 22
A 40 217 5
A 50 184 6
A 60 106 78
A 70 28 0
C
M 2
A -70 74 0
A -60 76 2
A -50 120 0
A -40 111 1
A -30 117 1
A -20 122 0
A -10 260 22
A 0 367 11
A 10 108 0
A 20 307 27
A 30 208 0
A 40 281 61
A 50 222 30
A 60 35 1
A 70 26 0
C
M 2
A -70 74 0
A -60 83 1
A -50 106 0
A -40 104 0
A -30 124 16
A -20 177 29
A -10 300 24
A 0 180 80
A 10 96 0
A 20 99 1
A 30 241 47
A 40 202 2
A 50 188 16
A 60 32 4
A 70 28 0
C
M 2
A -70 79 5
A -60 102 2
A -50 100 0
A -40 101 1
A -30 106 2
A -20 278 58
A -10 346 22
A 0 93 1
A 10 92 0
A 20 92 0
A 30 95 1
A 40 132 0
A 50 128 0
A 60 37 3
A 70 27 1
C
M 2
A -70 133 1
A -60 99 1
A -50 101 1
A -40 113 5
A -30 147 1
A -20 244 6
A -10 286 6
A 0 90 0
A 10 88 0
A 20 88 0
A 30 92 0
A 40 130 2
A 50 125 1
A 60 31 1
A 70 30 0
C
M 2
A -70 124 0
A -60 113 1
A -50 112 0
A -40 123 11
A -30 119 1
A -20 148 2
A -10 276 2
A 0 88 0
A 10 84 0
A 20 84 0
A 30 140 54
A 40 129 1
A 50 122 0
A 60 77 45
A 70 27 1
C
M 2
A -70 125 1
A -60 123 1
A -50 106 2
A -40 104 0
A -30 116 2
A -20 136 0
A -10 314 0
A 0 374 50
A 10 290 34
A 20 361 37
A 30 232 6
A 40 126 2
A 50 121 1
A 60 120 0
A 70 29 1
C
M 2
A -70 113 7
A -60 104 0
A -50 104 0
A -40 109 1
A -30 113 1
A -20 195 1
A -10 324 0
A 0 352 70
A 10 245 3
A 20 379 17
A 30 297 27
A 40 155 27
A 50 121 1
A 60 74 44
A 70 30 0
C
M 2
A -70 118 4
A -60 109 13
A -50 112 0
A -40 114 0
A -30 133 1
A -20 188 2
A -10 318 78
A 0 323 43
A 10 75 1
A 20 76 0
A 30 256 60
A 40 315 1
A 50 117 1
A 60 117 1
A 70 29 1
C
M 2
A -70 95 1
A -60 94 0
A -50 95 1
A -40 107 1
A -30 135 1
A -20 158 22
A -10 228 22
A 0 74 2
A 10 69 1
A 20 68 0
A 30 73 1
A 40 259 33
A 50 116 2
A 60 115 1
A 70 115 1
C
M 2
A -70 90 0
A -60 89 1
A -50 89 1
A -40 105 1
A -30 124 0
A -20 131 1
A -10 334 32
A 0 309 15
A 10 65 1
A 20 64 0
A 30 66 0
A 40 230 20
A 50 115 1
A 60 112 0
A 70 112 0
C
M 2
A -70 89 1
A -60 88 0
A -50 96 4
A -40 103 1
A -30 123 1
A -20 153 23
A -10 248 10
A 0 346 52
A 10 361 7
A 20 262 50
A 30 238 42
A 40 268 44
A 50 115 3
A 60 111 1
A 70 110 0
C
M 2
A -70 118 0
A -60 94 2
A -50 94 0
A -40 101 1
A -30 121 1
A -20 150 24
A -10 253 69
A 0 233 5
A 10 58 0
A 20 56 0
A 30 59 1
A 40 266 36
A 50 150 36
A 60 110 0
A 70 109 1
C
M 2
A -70 88 0
A -60 94 6
A -50 98 0
A -40 103 3
A -30 121 1
A -20 172 0
A -10 298 26
A 0 294 4
A 10 54 0
A 20 52 0
A 30 53 1
A 40 210 4
A 50 147 35
A 60 109 1
A 70 108 0
C
M 2
A -70 99 1
A -60 100 2
A -50 95 1
A -40 105 7
A -30 165 1
A -20 167 1
A -10 201 27
A 0 354 24
A 10 315 77
A 20 48 0
A 30 49 1
A 40 160 0
A 50 170 4
A 60 109 1
A 70 106 0
C
M 2
A -70 88 0
A -60 92 2
A -50 97 1
A -40 124 2
A -30 162 0
A -20 203 35
A -10 295 13
A 0 302 22
A 10 47 1
A 20 44 0
A 30 44 0
A 40 115 69
A 50 187 3
A 60 107 1
A 70 106 0
C
M 2
A -70 88 2
A -60 100 0
A -50 103 3
A -40 109 1
A -30 159 1
A -20 161 1
A -10 176 10
A 0 339 9
A 10 289 25
A 20 40 0
A 30 40 0
A 40 44 2
A 50 195 5
A 60 106 0
A 70 103 1
C
M 2
A -70 103 1
A -60 93 1
A -50 101 7
A -40 108 0
A -30 114 0
A -20 161 1
A -10 327 3
A 0 307 59
A 10 39 1
A 20 36 0
A 30 36 0
A 40 35 1
A 50 184 0
A 60 108 4
A 70 103 1
C
M 2
A -70 105 1
A -60 94 2
A -50 99 5
A -40 105 1
A -30 112 2
A -20 157 1
A -10 331 27
A 0 323 1
A 10 314 10
A 20 34 0
A 30 32 0
A 40 32 0
A 50 108 72
A 60 110 4
A 70 103 1
C
M 2
A -70 88 0
A -60 91 1
A -50 93 1
A -40 103 1
A -30 133 19
A -20 156 2
A -10 307 17
A 0 331 41
A 10 345 21
A 20 33 1
A 30 26 0
A 40 29 1
A 50 30 0
A 60 143 39
A 70 102 0
C
M 2
A -70 90 0
A -60 90 0
A -50 92 0
A -40 104 2
A -30 150 0
A -20 153 1
A -10 308 26
A 0 311 21
A 10 348 20
A 20 121 91
A 30 25 1
A 40 24 0
A 50 26 0
A 60 67 41
A 70 102 0
C
M 2
A -70 86 0
A -60 87 1
A -50 89 3
A -40 146 0
A -30 146 0
A -20 150 2
A -10 308 6
A 0 330 6
A 10 282 0
A 20 285 25
A 30 23 1
A 40 19 1
A 50 22 0
A 60 22 0
A 70 103 1
C
T 0
A -70 86 0
A -60 85 1
A -50 116 28
A -40 146 0
A -30 147 1
A -20 150 2
A -10 312 2
A 0 290 50
A 10 353 9
A 20 313 1
A 30 21 1
A 40 19 1
A 50 21 1
A 60 22 0
A 70 102 0
C
T -10
A -70 86 0
A -60 85 1
A -50 86 0
A -40 103 3
A -30 146 0
A -20 146 0
A -10 151 1
A 0 316 4
A 10 339 25
A 20 324 0
A 30 20 0
A 40 20 0
A 50 20 0
A 60 19 1
A 70 90 70
C
T -10
A -70 87 1
A -60 86 0
A -50 84 0
A -40 86 0
A -30 101 1
A -20 146 0
A -10 147 1
A 0 151 1
A 10 323 9
A 20 335 21
A 30 343 21
A 40 285 29
A 50 19 1
A 60 18 0
A 70 21 1
C
T -30
A -70 106 0
A -60 109 1
A -50 110 0
A -40 85 1
A -30 84 0
A -20 84 0
A -10 87 1
A 0 98 0
A 10 145 1
A 20 147 1
A 30 152 2
A 40 330 34
A 50 365 1
A 60 281 85
A 70 26 0
C
M 2
A -70 107 1
A -60 110 2
A -50 118 4
A -40 81 1
A -30 79 1
A -20 84 0
A -10 98 0
A 0 98 2
A 10 121 21
A 20 142 0
A 30 145 3
A 40 315 1
A 50 312 46
A 60 321 41
A 70 322 42
C
M 2
A -70 112 0
A -60 110 2
A -50 72 2
A -40 69 1
A -30 73 1
A -20 79 1
A -10 88 0
A 0 96 2
A 10 136 0
A 20 138 0
A 30 142 2
A 40 293 19
A 50 320 38
A 60 342 16
A 70 320 40
C
M 2
A -70 109 1
A -60 71 1
A -50 66 0
A -40 65 1
A -30 66 0
A -20 74 0
A -10 83 1
A 0 88 0
A 10 133 1
A 20 134 0
A 30 137 1
A 40 323 35
A 50 307 17
A 60 346 10
A 70 319 39
C
M 2