A -70 38 0
A -60 38 0
A -50 41 1
A -40 186 0
A -30 99 1
A -20 94 0
A -10 91 1
A 0 90 0
A 10 90 0
A 20 92 0
A 30 93 1
A 40 97 1
A 50 84 18
A 60 62 0
A 70 60 0
C
M 2
A -70 38 0
A -60 39 1
A -50 42 2
A -40 167 15
A -30 96 0
A -20 99 1
A -10 90 0
A 0 89 1
A 10 89 1
A 20 89 1
A 30 92 2
A 40 183 1
A 50 95 27
A 60 63 1
A 70 60 0
C
M 2
A -70 36 0
A -60 38 0
A -50 41 1
A -40 95 1
A -30 93 1
A -20 85 1
A -10 83 1
A 0 82 0
A 10 82 0
A 20 83 1
A 30 87 1
A 40 118 0
A 50 118 0
A 60 65 1
A 70 60 0
C
M 2
A -70 36 0
A -60 37 1
A -50 41 1
A -40 90 0
A -30 89 1
A -20 79 1
A -10 78 0
A 0 78 0
A 10 77 1
A 20 78 0
A 30 80 0
A 40 85 1
A 50 112 0
A 60 89 23
A 70 60 0
C
M 2
A -70 36 0
A -60 37 1
A -50 42 2
A -40 85 1
A -30 79 1
A -20 75 1
A -10 72 0
A 0 72 0
A 10 72 0
A 20 72 0
A 30 74 0
A 40 79 1
A 50 112 0
A 60 110 0
A 70 63 1
C
M 2
A -70 36 0
A -60 38 0
A -50 40 2
A -40 80 0
A -30 78 4
A -20 70 0
A -10 69 1
A 0 68 0
A 10 68 0
A 20 69 1
A 30 70 0
A 40 75 3
A 50 108 0
A 60 108 0
A 70 112 0
C
M 2
A -70 36 0
A -60 37 1
A -50 39 1
A -40 80 0
A -30 77 1
A -20 68 0
A -10 64 0
A 0 64 0
A 10 64 0
A 20 64 0
A 30 66 0
A 40 72 2
A 50 111 1
A 60 109 1
A 70 66 2
C
M 2
A -70 36 0
A -60 36 0
A -50 39 1
A -40 76 0
A -30 75 1
A -20 66 2
A -10 63 1
A 0 61 1
A 10 60 0
A 20 61 1
A 30 64 0
A 40 105 37
A 50 144 0
A 60 129 13
A 70 68 4
C
M 2
A -70 36 0
A -60 36 0
A -50 40 2
A -40 61 11
A -30 70 0
A -20 61 1
A -10 58 0
A 0 58 0
A 10 58 0
A 20 58 0
A 30 60 0
A 40 138 0
A 50 141 1
A 60 143 1
A 70 106 36
C
M 2
A -70 36 0
A -60 36 0
A -50 39 1
A -40 57 11
A -30 64 0
A -20 56 0
A -10 54 0
A 0 53 1
A 10 52 0
A 20 53 1
A 30 55 1
A 40 62 4
A 50 139 1
A 60 142 2
A 70 230 0
C
M 2
A -70 35 1
A -60 37 1
A -50 39 1
A -40 64 0
A -30 59 5
A -20 50 0
A -10 49 1
A 0 48 0
A 10 48 0
A 20 49 1
A 30 50 0
A 40 53 1
A 50 169 17
A 60 177 3
A 70 188 4
C
M 2
A -70 34 0
A -60 36 0
A -50 38 0
A -40 60 0
A -30 62 0
A -20 48 0
A -10 44 0
A 0 44 0
A 10 44 0
A 20 44 0
A 30 46 0
A 40 49 1
A 50 131 1
A 60 166 34
A 70 230 0
C
M 2
A -70 34 0
A -60 36 0
A -50 39 1
A -40 51 7
A -30 54 6
A -20 44 0
A -10 42 0
A 0 40 0
A 10 40 0
A 20 42 0
A 30 43 1
A 40 85 39
A 50 126 0
A 60 130 2
A 70 228 2
C
M 2
A -70 35 1
A -60 36 0
A -50 37 1
A -40 45 1
A -30 57 1
A -20 39 1
A -10 38 0
A 0 36 0
A 10 36 0
A 20 37 1
A 30 38 0
A 40 41 1
A 50 123 1
A 60 125 1
A 70 181 49
C
M 2
A -70 34 0
A -60 36 0
A -50 37 1
A -40 55 9
A -30 62 2
A -20 37 1
A -10 32 0
A 0 33 1
A 10 32 0
A 20 32 0
A 30 35 1
A 40 37 1
A 50 119 1
A 60 122 2
A 70 129 1
C
M 2
A -70 34 0
A -60 35 1
A -50 37 1
A -40 52 0
A -30 36 0
A -20 33 1
A -10 28 0
A 0 28 0
A 10 27 1
A 20 28 0
A 30 30 0
A 40 33 1
A 50 118 0
A 60 119 1
A 70 192 4
C
M 2
A -70 34 0
A -60 34 0
A -50 39 1
A -40 48 8
A -30 104 42
A -20 28 0
A -10 26 0
A 0 24 0
A 10 24 0
A 20 26 0
A 30 25 1
A 40 33 3
A 50 112 0
A 60 115 1
A 70 119 1
C
M 2