RESET
RESET
A -70 41 1
A -60 38 0
A -50 38 0
A -40 38 0
A -30 40 0
A -20 43 1
A -10 113 1
A 0 110 0
A 10 104 0
A 20 104 0
A 30 102 0
A 40 102 0
A 50 46 2
A 60 40 0
A 70 71 33
C
M 2
A -70 38 0
A -60 37 1
A -50 36 0
A -40 36 0
A -30 38 0
A -20 43 1
A -10 109 1
A 0 110 0
A 10 102 0
A 20 100 0
A 30 100 0
A 40 99 1
A 50 47 3
A 60 39 1
A 70 38 0
C
M 2
A -70 36 0
A -60 34 0
A -50 34 0
A -40 34 0
A -30 36 0
A -20 38 0
A -10 78 30
A 0 108 0
A 10 100 0
A 20 98 0
A 30 96 0
A 40 96 0
A 50 71 25
A 60 40 2
A 70 36 0
C
M 2
A -70 34 0
A -60 32 0
A -50 32 0
A -40 32 0
A -30 34 0
A -20 35 1
A -10 45 1
A 0 100 0
A 10 97 1
A 20 94 0
A 30 94 0
A 40 92 0
A 50 93 1
A 60 42 2
A 70 37 1
C
M 2
A -70 31 1
A -60 30 0
A -50 29 1
A -40 30 0
A -30 30 0
A -20 35 3
A -10 100 0
A 0 100 0
A 10 97 1
A 20 92 0
A 30 90 0
A 40 90 0
A 50 91 1
A 60 68 24
A 70 37 1
C
T -10
A -70 100 64
A -60 31 1
A -50 30 0
A -40 28 0
A -30 29 1
A -20 31 1
A -10 34 0
A 0 104 0
A 10 98 0
A 20 96 0
A 30 92 0
A 40 90 0
A 50 90 0
A 60 91 1
A 70 44 4
C
T 0
A -70 38 2
A -60 31 1
A -50 29 1
A -40 28 0
A -30 28 0
A -20 31 1
A -10 33 1
A 0 103 1
A 10 98 0
A 20 96 0
A 30 92 0
A 40 90 0
A 50 90 0
A 60 91 1
A 70 43 1
C
T 0
A -70 36 0
A -60 31 1
A -50 29 1
A -40 28 0
A -30 28 0
A -20 30 0
A -10 34 0
A 0 104 0
A 10 98 0
A 20 96 0
A 30 92 0
A 40 90 0
A 50 91 1
A 60 91 1
A 70 43 3
C
T 0
A -70 87 51
A -60 31 1
A -50 28 0
A -40 28 0
A -30 29 1
A -20 31 1
A -10 34 0
A 0 104 0
A 10 98 0
A 20 96 0
A 30 92 0
A 40 91 1
A 50 90 0
A 60 92 0
A 70 42 2
C
T 0