A -70 78.03 0.03
A -60 76.00 0.00
A -50 76.00 0.00
A -40 77.00 1.00
A -30 81.45 1.45
A -20 120.00 0.00
A -10 118.59 0.59
A 0 109.00 9.00
A 10 94.00 0.00
A 20 92.00 0.00
A 30 91.00 1.00
A 40 90.00 0.00
A 50 92.00 0.00
A 60 76.00 16.00
A 70 58.00 2.00
C
M 2
A -70 76.41 0.41
A -60 74.00 0.00
A -50 73.00 1.00
A -40 74.17 0.17
A -30 76.00 0.00
A -20 116.00 0.00
A -10 116.00 0.00
A 0 115.00 1.00
A 10 95.00 1.00
A 20 90.00 0.00
A 30 89.00 1.00
A 40 88.55 0.55
A 50 89.31 1.31
A 60 61.45 2.55
A 70 58.00 0.00
C
M 2
A -70 72.90 0.90
A -60 72.00 0.00
A -50 71.00 1.00
A -40 72.00 0.00
A -30 74.00 0.00
A -20 79.00 1.00
A -10 114.00 0.00
A 0 114.00 0.00
A 10 112.00 0.00
A 20 100.00 0.00
A 30 91.24 0.76
A 40 92.00 0.00
A 50 94.00 0.00
A 60 62.00 2.00
A 70 57.62 0.38
C
M 2
A -70 70.45 0.45
A -60 70.00 0.00
A -50 68.76 0.76
A -40 70.00 0.00
A -30 71.14 1.14
A -20 76.00 2.00
A -10 111.00 1.00
A 0 112.62 0.62
A 10 85.00 1.00
A 20 83.00 1.00
A 30 82.52 0.52
A 40 82.00 0.00
A 50 84.55 0.55
A 60 61.59 2.41
A 70 57.00 1.00
C
M 2
A -70 68.00 0.00
A -60 66.00 0.00
A -50 66.00 0.00
A -40 68.00 0.00
A -30 69.00 1.00
A -20 71.00 1.00
A -10 123.52 0.48
A 0 123.00 1.00
A 10 79.93 0.07
A 20 77.90 0.10
A 30 76.76 0.76
A 40 77.55 0.45
A 50 79.00 1.00
A 60 72.76 7.24
A 70 59.10 0.90
C
M 2
A -70 66.00 0.00
A -60 64.00 0.00
A -50 64.28 0.28
A -40 65.00 1.00
A -30 67.00 1.00
A -20 70.00 0.00
A -10 103.00 1.00
A 0 80.00 0.00
A 10 76.00 0.00
A 20 74.00 0.00
A 30 72.00 0.00
A 40 72.00 0.00
A 50 75.00 1.00
A 60 76.00 0.00
A 70 62.00 2.00
C
M 2
A -70 64.07 0.07
A -60 64.00 0.00
A -50 62.00 0.00
A -40 63.00 1.00
A -30 64.00 0.00
A -20 67.00 1.00
A -10 96.69 0.69
A 0 76.55 0.55
A 10 72.00 0.00
A 20 70.00 0.00
A 30 70.03 0.03
A 40 70.00 0.00
A 50 70.24 0.24
A 60 72.00 0.00
A 70 67.00 3.00
C
M 2
A -70 62.00 0.00
A -60 60.00 0.00
A -50 60.00 0.00
A -40 61.00 1.00
A -30 62.79 0.79
A -20 65.45 1.45
A -10 73.00 1.00
A 0 83.86 8.14
A 10 69.00 1.00
A 20 66.00 0.00
A 30 65.00 1.00
A 40 66.00 0.00
A 50 67.00 1.00
A 60 70.00 0.00
A 70 70.55 1.45
C
M 2
A -70 60.21 0.21
A -60 58.00 0.00
A -50 58.00 0.00
A -40 58.52 0.52
A -30 61.00 1.00
A -20 64.00 2.00
A -10 88.00 0.00
A 0 88.00 0.00
A 10 66.10 0.10
A 20 63.52 0.48
A 30 62.00 0.00
A 40 62.00 0.00
A 50 63.00 1.00
A 60 66.00 2.00
A 70 86.00 18.00
C
M 2
A -70 58.00 0.00
A -60 58.00 0.00
A -50 57.00 1.00
A -40 56.00 0.00
A -30 58.31 0.31
A -20 72.00 12.00
A -10 84.00 0.00
A 0 84.00 0.00
A 10 64.00 0.00
A 20 60.34 0.34
A 30 59.00 1.00
A 40 59.00 1.00
A 50 60.00 0.00
A 60 66.00 2.00
A 70 85.00 15.00
C
M 2
A -70 56.00 0.00
A -60 54.59 0.59
A -50 54.10 0.10
A -40 55.00 1.00
A -30 57.00 1.00
A -20 80.00 0.00
A -10 80.00 0.00
A 0 82.00 0.00
A 10 59.59 0.41
A 20 57.00 1.00
A 30 56.00 0.00
A 40 56.00 0.00
A 50 58.00 0.00
A 60 62.00 2.00
A 70 97.00 1.00
C
M 2
A -70 54.00 0.00
A -60 52.48 0.48
A -50 52.00 0.00
A -40 53.00 1.00
A -30 55.00 1.00
A -20 69.00 9.00
A -10 78.00 0.00
A 0 67.00 9.00
A 10 54.00 0.00
A 20 53.48 0.52
A 30 52.00 0.00
A 40 52.00 0.00
A 50 53.00 1.00
A 60 56.00 2.00
A 70 93.00 1.00
C
M 2
A -70 52.00 0.00
A -60 50.00 0.00
A -50 50.00 0.00
A -40 50.03 0.03
A -30 53.00 1.00
A -20 59.21 1.21
A -10 75.00 1.00
A 0 58.00 2.00
A 10 51.72 0.28
A 20 50.00 0.00
A 30 49.00 1.00
A 40 48.00 0.00
A 50 49.00 1.00
A 60 51.00 1.00
A 70 93.21 0.79
C
M 2
A -70 50.00 0.00
A -60 48.00 0.00
A -50 48.00 0.00
A -40 48.00 0.00
A -30 50.00 0.00
A -20 53.00 1.00
A -10 72.62 0.62
A 0 62.00 6.00
A 10 48.00 0.00
A 20 46.00 0.00
A 30 44.21 0.21
A 40 44.55 0.55
A 50 46.00 0.00
A 60 48.14 0.14
A 70 56.10 2.10
C
M 2
A -70 46.38 0.38
A -60 46.31 0.31
A -50 46.00 0.00
A -40 46.00 0.00
A -30 48.00 0.00
A -20 50.10 0.10
A -10 60.00 4.00
A 0 66.00 0.00
A 10 44.00 0.00
A 20 43.00 1.00
A 30 42.00 0.00
A 40 42.00 0.00
A 50 42.00 0.00
A 60 45.00 1.00
A 70 93.55 0.45
C
M 2
A -70 46.00 0.00
A -60 44.21 0.21
A -50 44.00 0.00
A -40 44.00 0.00
A -30 45.00 1.00
A -20 48.00 2.00
A -10 61.93 1.93
A 0 52.28 3.72
A 10 41.48 0.52
A 20 39.00 1.00
A 30 38.00 0.00
A 40 38.66 0.66
A 50 39.00 1.00
A 60 42.00 2.00
A 70 94.00 0.00
C
M 2
A -70 44.00 0.00
A -60 42.00 0.00
A -50 42.17 0.17
A -40 42.00 0.00
A -30 43.00 1.00
A -20 48.00 0.00
A -10 62.00 0.00
A 0 64.00 0.00
A 10 36.07 0.07
A 20 36.41 0.41
A 30 34.00 0.00
A 40 35.00 1.00
A 50 35.00 1.00
A 60 38.00 2.00
A 70 95.79 0.21
C
M 2
A -70 40.69 0.69
A -60 40.00 0.00
A -50 38.93 0.93
A -40 40.00 0.00
A -30 42.00 2.00
A -20 57.00 9.00
A -10 61.48 0.52
A 0 53.00 9.00
A 10 34.00 0.00
A 20 32.55 0.55
A 30 32.00 0.00
A 40 32.00 0.00
A 50 32.00 0.00
A 60 34.00 2.00
A 70 97.00 1.00
C
M 2
A -70 38.00 0.00
A -60 37.34 0.66
A -50 37.00 1.00
A -40 38.17 0.17
A -30 38.00 0.00
A -20 43.00 1.00
A -10 53.00 1.00
A 0 43.24 8.76
A 10 30.00 0.00
A 20 29.00 1.00
A 30 26.00 0.00
A 40 28.07 0.07
A 50 28.41 0.41
A 60 31.00 1.00
A 70 38.21 1.79
C
M 2
A -70 36.00 0.00
A -60 35.00 1.00
A -50 34.24 0.24
A -40 34.52 0.52
A -30 37.00 1.00
A -20 39.00 1.00
A -10 70.00 4.00
A 0 39.00 9.00
A 10 28.21 0.21
A 20 26.03 0.03
A 30 24.14 0.14
A 40 24.00 0.00
A 50 26.03 0.03
A 60 26.00 2.00
A 70 102.00 2.00
C
M 2
A -70 34.00 0.00
A -60 33.48 0.52
A -50 32.48 0.48
A -40 33.00 1.00
A -30 34.52 0.52
A -20 37.00 1.00
A -10 42.00 0.00
A 0 26.00 0.00
A 10 26.00 0.00
A 20 21.00 1.00
A 30 20.00 0.00
A 40 20.14 0.14
A 50 22.59 0.59
A 60 22.38 0.38
A 70 102.00 0.00
C
M 2
A -70 30.24 0.24
A -60 30.79 0.79
A -50 30.00 0.00
A -40 30.00 0.00
A -30 32.83 0.83
A -20 35.00 1.00
A -10 44.00 0.00
A 0 23.00 1.00
A 10 26.10 0.10
A 20 18.00 0.00
A 30 16.62 0.62
A 40 16.34 0.34
A 50 19.00 1.00
A 60 20.00 0.00
A 70 108.00 0.00
C
T -70
A -70 207.00 21.00
A -60 208.00 2.00
A -50 214.00 6.00
A -40 239.00 1.00
A -30 239.00 1.00
A -20 236.00 4.00
A -10 30.00 0.00
A 0 30.00 0.00
A 10 30.00 0.00
A 20 30.00 0.00
A 30 30.00 0.00
A 40 32.07 0.07
A 50 39.00 3.00
A 60 33.97 8.03
A 70 25.90 0.10
C
M 2
A -70 176.83 0.83
A -60 176.00 0.00
A -50 176.69 0.69
A -40 209.00 23.00
A -30 247.00 9.00
A -20 35.00 1.00
A -10 29.34 0.66
A 0 24.62 0.62
A 10 24.00 0.00
A 20 24.00 0.00
A 30 25.00 1.00
A 40 28.00 0.00
A 50 34.00 4.00
A 60 34.00 6.00
A 70 29.00 1.00
C
M 2
A -70 176.00 0.00
A -60 176.83 0.83
A -50 180.00 2.00
A -40 252.00 18.00
A -30 233.93 2.07
A -20 25.90 0.10
A -10 24.00 0.00
A 0 22.00 0.00
A 10 20.14 0.14
A 20 20.90 0.90
A 30 23.00 1.00
A 40 22.66 0.66
A 50 30.00 0.00
A 60 30.79 4.79
A 70 28.03 1.97
C
M 2
A -70 173.14 0.86
A -60 170.00 0.00
A -50 172.83 0.83
A -40 233.00 5.00
A -30 26.00 0.00
A -20 206.90 29.10
A -10 18.00 0.00
A 0 18.38 0.38
A 10 18.38 0.38
A 20 18.00 0.00
A 30 18.00 0.00
A 40 18.00 0.00
A 50 22.00 2.00
A 60 36.14 7.86
A 70 25.00 1.00
C
T -40
A -70 186.00 0.00
A -60 186.00 0.00
A -50 178.00 2.00
A -40 175.00 1.00
A -30 175.17 0.83
A -20 171.00 1.00
A -10 173.03 1.03
A 0 234.48 6.48
A 10 225.00 1.00
A 20 20.00 0.00
A 30 20.00 0.00
A 40 19.00 1.00
A 50 18.00 0.00
A 60 20.00 0.00
A 70 17.62 0.38
C
T 0
A -70 186.00 0.00
A -60 184.83 0.83
A -50 174.00 2.00
A -40 173.79 1.79
A -30 172.00 0.00
A -20 170.00 0.00
A -10 175.45 3.45
A 0 212.41 16.41
A 10 206.00 18.00
A 20 20.00 0.00
A 30 20.00 0.00
A 40 19.86 0.14
A 50 18.38 0.38
A 60 18.00 0.00
A 70 17.00 1.00
C
T 0
A -70 187.00 21.00
A -60 168.00 8.00
A -50 180.00 4.00
A -40 175.31 0.69
A -30 172.00 0.00
A -20 170.69 1.31
A -10 179.00 5.00
A 0 194.28 1.72
A 10 203.00 1.00
A 20 20.00 0.00
A 30 20.00 0.00
A 40 19.86 0.14
A 50 18.38 0.38
A 60 19.28 1.28
A 70 17.00 1.00
C
T -10
A -70 139.00 33.00
A -60 162.00 4.00
A -50 169.00 1.00
A -40 175.00 1.00
A -30 173.00 1.00
A -20 175.00 1.00
A -10 167.00 1.00
A 0 170.00 2.00
A 10 185.00 1.00
A 20 187.00 1.00
A 30 20.00 0.00
A 40 20.76 0.76
A 50 20.00 0.00
A 60 17.00 1.00
A 70 19.31 0.69
C
T -20
A -70 97.00 1.00
A -60 99.00 1.00
A -50 162.00 6.00
A -40 156.24 2.24
A -30 153.00 1.00
A -20 168.79 1.21
A -10 172.00 0.00
A 0 172.00 0.00
A 10 176.00 0.00
A 20 185.28 0.72
A 30 191.38 4.62
A 40 186.00 0.00
A 50 21.00 1.00
A 60 21.00 1.00
A 70 20.14 0.14
C
M 2
A -70 98.17 0.17
A -60 102.34 2.34
A -50 190.00 36.00
A -40 184.00 32.00
A -30 203.00 37.00
A -20 166.00 0.00
A -10 166.00 2.00
A 0 169.00 1.00
A 10 170.00 0.00
A 20 189.00 11.00
A 30 192.10 2.10
A 40 186.00 6.00
A 50 22.00 4.00
A 60 17.00 1.00
A 70 18.86 0.86
C
T -30
A -70 94.00 0.00
A -60 94.86 0.86
A -50 96.00 0.00
A -40 98.45 0.45
A -30 105.00 1.00
A -20 160.00 8.00
A -10 152.00 4.00
A 0 160.00 8.00
A 10 164.00 12.00
A 20 172.00 4.00
A 30 174.76 1.24
A 40 197.00 9.00
A 50 211.00 9.00
A 60 201.14 4.86
A 70 118.00 96.00
C
M 2
A -70 94.00 0.00
A -60 94.00 0.00
A -50 94.00 0.00
A -40 96.00 0.00
A -30 122.00 20.00
A -20 144.00 2.00
A -10 144.00 2.00
A 0 151.00 5.00
A 10 165.00 3.00
A 20 159.00 1.00
A 30 157.00 1.00
A 40 157.00 1.00
A 50 217.00 5.00
A 60 205.00 11.00
A 70 181.00 5.00
C
M 2
A -70 92.00 0.00
A -60 92.07 0.07
A -50 92.00 0.00
A -40 95.07 1.07
A -30 168.28 16.28
A -20 143.00 1.00
A -10 140.00 2.00
A 0 141.00 1.00
A 10 152.52 10.52
A 20 151.00 1.00
A 30 158.00 4.00
A 40 181.00 15.00
A 50 210.00 14.00
A 60 179.07 1.07
A 70 28.00 0.00
C
M 2
A -70 90.38 0.38
A -60 90.59 0.59
A -50 92.00 0.00
A -40 96.00 2.00
A -30 174.00 34.00
A -20 176.31 29.69
A -10 148.00 4.00
A 0 141.90 0.10
A 10 160.00 2.00
A 20 145.00 1.00
A 30 144.00 0.00
A 40 184.00 20.00
A 50 200.00 26.00
A 60 192.59 21.41
A 70 112.00 84.00
C
M 2
A -70 89.00 1.00
A -60 90.00 0.00
A -50 91.00 1.00
A -40 101.00 3.00
A -30 204.00 0.00
A -20 144.00 2.00
A -10 140.00 2.00
A 0 139.00 3.00
A 10 160.00 2.00
A 20 142.00 0.00
A 30 142.31 0.31
A 40 142.00 0.00
A 50 167.00 11.00
A 60 202.00 2.00
A 70 211.00 15.00
C
M 2
A -70 88.00 0.00
A -60 90.00 0.00
A -50 91.00 1.00
A -40 96.00 2.00
A -30 131.59 0.41
A -20 130.00 2.00
A -10 129.93 2.07
A 0 148.55 7.45
A 10 138.00 2.00
A 20 136.00 0.00
A 30 137.59 1.59
A 40 179.00 15.00
A 50 178.00 0.00
A 60 181.34 11.34
A 70 31.00 1.00
C
M 2
A -70 88.00 0.00
A -60 89.00 1.00
A -50 91.00 1.00
A -40 98.00 2.00
A -30 132.00 0.00
A -20 129.00 1.00
A -10 134.00 0.00
A 0 133.00 1.00
A 10 156.00 20.00
A 20 132.00 0.00
A 30 133.00 1.00
A 40 135.00 1.00
A 50 163.00 9.00
A 60 170.00 2.00
A 70 102.00 66.00
C
M 2
A -70 88.21 0.21
A -60 88.00 0.00
A -50 90.59 0.59
A -40 148.00 46.00
A -30 129.00 1.00
A -20 124.28 0.28
A -10 127.00 1.00
A 0 129.10 1.10
A 10 153.00 23.00
A 20 128.00 0.00
A 30 130.00 0.00
A 40 153.00 23.00
A 50 194.00 18.00
A 60 179.28 6.72
A 70 108.00 68.00
C
M 2
A -70 85.00 1.00
A -60 87.00 1.00
A -50 90.00 2.00
A -40 162.00 40.00
A -30 165.00 9.00
A -20 174.00 14.00
A -10 183.00 5.00
A 0 182.00 4.00
A 10 151.00 19.00
A 20 126.00 0.00
A 30 125.00 1.00
A 40 129.00 1.00
A 50 195.00 1.00
A 60 198.86 7.14
A 70 119.00 83.00
C
M 2
A -70 86.00 0.00
A -60 87.48 1.48
A -50 92.07 0.07
A -40 193.00 21.00
A -30 156.00 2.00
A -20 155.00 3.00
A -10 144.00 12.00
A 0 149.00 23.00
A 10 168.00 0.00
A 20 124.07 0.07
A 30 122.00 0.00
A 40 123.00 1.00
A 50 211.00 1.00
A 60 193.79 1.79
A 70 184.00 10.00
C
M 2
A -70 88.14 0.14
A -60 91.00 1.00
A -50 126.00 32.00
A -40 156.00 0.00
A -30 116.00 6.00
A -20 108.00 2.00
A -10 112.00 0.00
A 0 127.00 5.00
A 10 144.07 23.93
A 20 119.00 1.00
A 30 119.00 1.00
A 40 122.97 2.97
A 50 217.76 8.24
A 60 191.00 9.00
A 70 114.00 78.00
C
M 2
A -70 88.00 0.00
A -60 91.00 1.00
A -50 158.00 60.00
A -40 116.00 4.00
A -30 106.00 0.00
A -20 105.00 3.00
A -10 112.00 4.00
A 0 133.34 7.34
A 10 163.41 1.41
A 20 116.00 2.00
A 30 116.00 2.00
A 40 121.00 3.00
A 50 221.00 1.00
A 60 239.00 17.00
A 70 115.00 73.00
C
M 2
A -70 92.00 0.00
A -60 97.00 3.00
A -50 194.00 0.00
A -40 150.00 40.00
A -30 112.00 0.00
A -20 99.00 1.00
A -10 153.00 11.00
A 0 165.00 5.00
A 10 156.00 2.00
A 20 159.00 7.00
A 30 117.00 1.00
A 40 169.00 51.00
A 50 222.00 4.00
A 60 202.00 6.00
A 70 108.00 64.00
C
M 2
A -70 91.00 1.00
A -60 139.00 45.00
A -50 212.00 6.00
A -40 198.00 2.00
A -30 143.00 49.00
A -20 96.00 0.00
A -10 100.00 0.00
A 0 153.00 1.00
A 10 154.00 0.00
A 20 154.00 2.00
A 30 165.00 7.00
A 40 286.00 48.00
A 50 274.00 40.00
A 60 226.00 12.00
A 70 113.00 65.00
C
M 2
A -70 90.00 0.00
A -60 94.00 2.00
A -50 192.00 0.00
A -40 189.00 1.00
A -30 106.00 12.00
A -20 110.03 12.03
A -10 200.00 40.00
A 0 159.00 3.00
A 10 151.00 3.00
A 20 150.00 2.00
A 30 152.21 0.21
A 40 264.00 4.00
A 50 296.45 14.45
A 60 183.00 3.00
A 70 199.00 23.00
C
M 2
A -70 90.00 0.00
A -60 145.00 51.00
A -50 215.00 11.00
A -40 189.00 1.00
A -30 187.72 0.28
A -20 177.59 6.41
A -10 163.00 17.00
A 0 157.69 12.31
A 10 164.86 21.14
A 20 208.00 62.00
A 30 253.00 103.00
A 40 245.00 31.00
A 50 259.00 29.00
A 60 186.00 10.00
A 70 193.00 15.00
C
M 2
A -70 90.00 0.00
A -60 96.00 2.00
A -50 182.00 0.00
A -40 128.00 0.00
A -30 126.24 0.24
A -20 126.00 0.00
A -10 130.00 2.00
A 0 233.00 7.00
A 10 360.00 26.00
A 20 102.00 2.00
A 30 98.00 2.00
A 40 100.00 0.00
A 50 261.00 33.00
A 60 183.83 30.17
A 70 194.38 44.38
C
M 2
A -70 91.00 1.00
A -60 97.00 1.00
A -50 179.45 0.55
A -40 122.38 0.38
A -30 122.00 0.00
A -20 123.90 1.90
A -10 126.00 2.00
A 0 210.00 2.00
A 10 254.00 16.00
A 20 96.00 0.00
A 30 92.00 0.00
A 40 93.83 0.17
A 50 97.00 3.00
A 60 178.93 27.07
A 70 51.59 4.41
C
M 2
A -70 94.00 0.00
A -60 198.00 2.00
A -50 182.00 2.00
A -40 120.00 0.00
A -30 118.00 0.00
A -20 120.00 2.00
A -10 133.00 9.00
A 0 226.00 10.00
A 10 246.00 6.00
A 20 94.00 0.00
A 30 89.76 0.24
A 40 90.00 0.00
A 50 93.00 1.00
A 60 199.00 3.00
A 70 49.00 3.00
C
M 2
A -70 96.00 0.00
A -60 202.00 6.00
A -50 179.76 6.24
A -40 117.62 0.38
A -30 116.00 0.00
A -20 117.03 1.03
A -10 123.00 3.00
A 0 206.00 54.00
A 10 344.00 0.00
A 20 284.00 40.00
A 30 86.10 0.10
A 40 86.17 0.17
A 50 88.00 0.00
A 60 214.00 18.00
A 70 122.10 71.90
C
M 2
A -70 99.00 1.00
A -60 177.69 0.31
A -50 179.00 7.00
A -40 115.79 0.21
A -30 115.00 1.00
A -20 139.00 21.00
A -10 162.24 0.24
A 0 185.00 11.00
A 10 326.00 38.00
A 20 338.00 56.00
A 30 188.00 104.00
A 40 83.00 1.00
A 50 112.00 26.00
A 60 196.00 0.00
A 70 103.00 49.00
C
M 2
A -70 143.00 35.00
A -60 194.41 10.41
A -50 203.00 17.00
A -40 175.93 4.07
A -30 160.00 0.00
A -20 157.62 0.38
A -10 155.00 1.00
A 0 196.00 2.00
A 10 243.00 37.00
A 20 273.00 11.00
A 30 320.52 37.48
A 40 280.00 42.00
A 50 194.97 5.03
A 60 216.00 2.00
A 70 52.93 1.07
C
M 2
A -70 215.00 1.00
A -60 199.00 17.00
A -50 169.00 1.00
A -40 161.00 5.00
A -30 157.00 1.00
A -20 159.00 1.00
A -10 176.00 12.00
A 0 194.00 0.00
A 10 251.00 59.00
A 20 251.00 23.00
A 30 332.00 88.00
A 40 308.00 18.00
A 50 299.00 25.00
A 60 211.00 11.00
A 70 198.00 2.00
C
M 2
A -70 189.00 11.00
A -60 189.00 5.00
A -50 172.00 2.00
A -40 185.00 1.00
A -30 155.00 1.00
A -20 153.48 0.52
A -10 173.00 11.00
A 0 181.00 7.00
A 10 192.41 4.41
A 20 240.00 40.00
A 30 327.52 3.52
A 40 265.00 69.00
A 50 196.00 2.00
A 60 202.00 2.00
A 70 196.00 2.00
C
M 2
A -70 195.00 5.00
A -60 207.00 9.00
A -50 189.00 29.00
A -40 111.62 2.38
A -30 109.79 1.79
A -20 119.00 1.00
A -10 152.34 0.34
A 0 183.00 1.00
A 10 154.00 30.00
A 20 264.00 26.00
A 30 217.00 19.00
A 40 73.00 1.00
A 50 71.00 1.00
A 60 206.00 2.00
A 70 199.72 0.28
C
M 2
A -70 202.97 2.97
A -60 208.00 10.00
A -50 132.00 22.00
A -40 108.00 0.00
A -30 131.45 20.55
A -20 148.07 4.07
A -10 163.00 11.00
A 0 119.07 1.07
A 10 120.00 0.00
A 20 242.00 6.00
A 30 236.55 0.55
A 40 68.76 0.76
A 50 68.00 0.00
A 60 72.00 2.00
A 70 200.00 0.00
C
M 2
A -70 215.00 1.00
A -60 212.59 1.41
A -50 159.66 0.34
A -40 160.00 14.00
A -30 145.38 1.38
A -20 142.00 0.00
A -10 141.00 1.00
A 0 114.00 0.00
A 10 149.00 29.00
A 20 345.34 20.66
A 30 309.90 96.10
A 40 66.97 1.03
A 50 64.00 0.00
A 60 66.00 2.00
A 70 202.00 0.00
C
M 2
A -70 216.41 0.41
A -60 218.69 1.31
A -50 153.00 1.00
A -40 141.00 3.00
A -30 134.00 0.00
A -20 136.00 2.00
A -10 171.00 1.00
A 0 109.00 1.00
A 10 112.00 0.00
A 20 288.00 38.00
A 30 362.00 38.00
A 40 276.00 36.00
A 50 64.00 0.00
A 60 66.00 2.00
A 70 205.00 1.00
C
M 2
A -70 215.93 0.07
A -60 214.00 2.00
A -50 158.52 0.52
A -40 131.00 1.00
A -30 129.97 0.03
A -20 128.00 0.00
A -10 131.00 1.00
A 0 120.00 14.00
A 10 112.21 4.21
A 20 287.00 5.00
A 30 353.00 13.00
A 40 293.45 22.55
A 50 262.24 23.76
A 60 229.00 9.00
A 70 203.00 1.00
C
M 2
A -70 190.00 2.00
A -60 177.00 19.00
A -50 185.62 3.62
A -40 128.00 2.00
A -30 125.00 1.00
A -20 128.00 0.00
A -10 126.00 0.00
A 0 143.00 19.00
A 10 165.00 1.00
A 20 352.90 40.90
A 30 321.00 73.00
A 40 361.66 29.66
A 50 66.00 2.00
A 60 63.00 3.00
A 70 206.79 0.79
C
M 2
A -70 193.00 1.00
A -60 198.00 12.00
A -50 193.00 1.00
A -40 88.07 0.07
A -30 162.00 0.00
A -20 161.00 1.00
A -10 143.07 14.93
A 0 146.55 13.45
A 10 223.00 59.00
A 20 368.00 20.00
A 30 310.00 34.00
A 40 289.00 19.00
A 50 60.00 2.00
A 60 56.00 0.00
A 70 59.00 1.00
C
M 2
A -70 196.00 0.00
A -60 188.93 1.07
A -50 184.00 2.00
A -40 159.00 1.00
A -30 125.72 1.72
A -20 156.76 0.76
A -10 157.00 1.00
A 0 145.00 13.00
A 10 308.00 18.00
A 20 278.00 30.00
A 30 385.38 1.38
A 40 326.00 44.00
A 50 59.00 3.00
A 60 53.48 0.52
A 70 53.00 1.00
C
M 2
A -70 161.21 0.79
A -60 162.00 0.00
A -50 122.00 40.00
A -40 133.59 49.59
A -30 117.17 1.17
A -20 134.00 16.00
A -10 152.21 0.21
A 0 190.00 36.00
A 10 332.00 50.00
A 20 335.00 31.00
A 30 314.00 20.00
A 40 331.83 49.83
A 50 173.00 113.00
A 60 51.59 0.41
A 70 51.00 1.00
C
M 2
A -70 176.59 1.41
A -60 80.03 1.97
A -50 78.31 0.31
A -40 79.55 1.55
A -30 118.00 2.00
A -20 149.00 1.00
A -10 208.00 12.00
A 0 317.52 2.48
A 10 349.00 25.00
A 20 302.00 22.00
A 30 308.00 26.00
A 40 249.59 21.59
A 50 294.00 2.00
A 60 52.00 0.00
A 70 50.00 0.00
C
M 2
A -70 184.34 27.66
A -60 74.00 0.00
A -50 74.00 0.00
A -40 77.93 1.93
A -30 99.00 13.00
A -20 114.24 0.24
A -10 92.00 2.00
A 0 121.00 3.00
A 10 322.00 2.00
A 20 320.00 52.00
A 30 318.00 8.00
A 40 329.00 45.00
A 50 245.14 48.86
A 60 54.00 2.00
A 70 49.00 1.00
C
M 2
A -70 78.00 0.00
A -60 74.00 0.00
A -50 74.00 0.00
A -40 121.00 7.00
A -30 137.86 30.14
A -20 81.00 1.00
A -10 79.00 1.00
A 0 84.00 0.00
A 10 307.00 25.00
A 20 275.69 14.31
A 30 318.00 48.00
A 40 282.00 10.00
A 50 261.00 11.00
A 60 116.00 60.00
A 70 49.07 0.93
C
M 2
A -70 165.00 1.00
A -60 82.41 5.59
A -50 82.00 4.00
A -40 96.00 8.00
A -30 78.76 1.24
A -20 73.41 0.59
A -10 73.41 0.59
A 0 77.00 1.00
A 10 295.34 2.66
A 20 296.00 28.00
A 30 308.00 36.00
A 40 361.59 2.41
A 50 302.00 22.00
A 60 178.00 2.00
A 70 50.00 0.00
C
M 2
A -70 77.00 1.00
A -60 75.00 3.00
A -50 81.00 3.00
A -40 100.00 0.00
A -30 72.00 2.00
A -20 70.00 0.00
A -10 69.00 1.00
A 0 72.41 0.41
A 10 320.00 4.00
A 20 358.00 0.00
A 30 354.93 0.93
A 40 296.00 28.00
A 50 259.38 20.62
A 60 237.62 32.38
A 70 56.00 2.00
C
M 2
A -70 174.00 4.00
A -60 98.00 2.00
A -50 118.00 20.00
A -40 93.00 1.00
A -30 68.52 1.48
A -20 64.00 0.00
A -10 65.00 1.00
A 0 69.00 1.00
A 10 282.00 32.00
A 20 304.00 32.00
A 30 345.00 9.00
A 40 308.34 16.34
A 50 296.00 24.00
A 60 232.00 24.00
A 70 200.00 22.00
C
M 2
A -70 70.66 0.66
A -60 70.86 0.86
A -50 82.00 8.00
A -40 92.00 0.00
A -30 65.00 1.00
A -20 62.00 0.00
A -10 62.00 0.00
A 0 262.00 22.00
A 10 307.00 17.00
A 20 297.00 27.00
A 30 350.00 0.00
A 40 287.00 39.00
A 50 274.00 14.00
A 60 273.00 13.00
A 70 214.00 6.00
C
M 2
A -70 70.00 0.00
A -60 124.34 52.34
A -50 100.00 0.00
A -40 91.45 0.55
A -30 62.00 2.00
A -20 60.00 0.00
A -10 64.00 2.00
A 0 292.00 22.00
A 10 327.00 13.00
A 20 315.00 33.00
A 30 268.00 12.00
A 40 333.00 9.00
A 50 260.00 20.00
A 60 251.90 1.90
A 70 178.00 0.00
C
M 2
A -70 72.00 0.00
A -60 98.00 28.00
A -50 99.00 1.00
A -40 97.00 5.00
A -30 62.00 2.00
A -20 58.00 0.00
A -10 63.00 3.00
A 0 295.00 3.00
A 10 282.76 1.24
A 20 296.93 14.93
A 30 294.66 31.34
A 40 304.79 38.79
A 50 291.00 17.00
A 60 221.00 45.00
A 70 169.00 1.00
C
M 2
A -70 66.00 0.00
A -60 69.00 1.00
A -50 91.00 1.00
A -40 121.00 27.00
A -30 59.83 2.17
A -20 58.00 2.00
A -10 62.00 2.00
A 0 310.00 30.00
A 10 286.00 6.00
A 20 302.55 22.55
A 30 338.38 0.38
A 40 331.00 7.00
A 50 297.00 17.00
A 60 218.00 22.00
A 70 170.93 0.93
C
M 2
A -70 71.00 1.00
A -60 145.83 16.17
A -50 89.00 1.00
A -40 89.00 1.00
A -30 133.00 19.00
A -20 53.48 0.52
A -10 250.00 12.00
A 0 290.00 24.00
A 10 298.00 26.00
A 20 306.00 26.00
A 30 309.00 15.00
A 40 304.00 30.00
A 50 262.00 12.00
A 60 245.00 5.00
A 70 230.00 46.00
C
M 2