RESET
A -70 31 1
A -60 32 0
A -50 35 1
A -40 113 1
A -30 110 0
A -20 98 0
A -10 97 1
A 0 98 0
A 10 98 0
A 20 98 0
A 30 98 0
A 40 63 1
A 50 58 0
A 60 56 0
A 70 56 0
C
M 2
A -70 30 0
A -60 32 0
A -50 34 0
A -40 130 0
A -30 104 6
A -20 98 0
A -10 94 0
A 0 93 1
A 10 92 0
A 20 94 0
A 30 95 1
A 40 80 16
A 50 57 1
A 60 55 1
A 70 54 0
C
M 2
A -70 30 0
A -60 31 1
A -50 35 1
A -40 129 3
A -30 101 5
A -20 96 0
A -10 91 1
A 0 91 1
A 10 90 0
A 20 91 1
A 30 92 0
A 40 98 0
A 50 59 1
A 60 55 1
A 70 54 0
C
M 2
A -70 30 0
A -60 31 1
A -50 36 0
A -40 129 1
A -30 94 0
A -20 105 1
A -10 88 0
A 0 86 0
A 10 86 0
A 20 88 0
A 30 90 0
A 40 96 2
A 50 85 25
A 60 54 0
A 70 52 0
C
M 2
A -70 30 0
A -60 30 0
A -50 37 3
A -40 94 2
A -30 90 0
A -20 85 1
A -10 82 0
A 0 80 0
A 10 80 0
A 20 82 0
A 30 84 0
A 40 98 6
A 50 108 0
A 60 60 8
A 70 51 1
C
M 2
A -70 30 0
A -60 32 0
A -50 35 1
A -40 88 0
A -30 87 1
A -20 78 0
A -10 78 0
A 0 76 0
A 10 76 0
A 20 77 1
A 30 78 0
A 40 84 0
A 50 104 0
A 60 104 0
A 70 52 0
C
M 2
A -70 30 0
A -60 32 0
A -50 33 1
A -40 84 0
A -30 78 0
A -20 75 1
A -10 73 1
A 0 72 0
A 10 72 0
A 20 72 0
A 30 74 0
A 40 78 0
A 50 108 8
A 60 104 4
A 70 52 2
C
M 2
A -70 30 0
A -60 31 1
A -50 33 1
A -40 77 1
A -30 76 0
A -20 71 1
A -10 68 0
A 0 68 0
A 10 68 0
A 20 68 0
A 30 70 0
A 40 73 1
A 50 89 9
A 60 77 19
A 70 52 0
C
M 2
A -70 30 0
A -60 30 0
A -50 34 0
A -40 74 0
A -30 76 0
A -20 68 0
A -10 65 1
A 0 64 0
A 10 64 0
A 20 64 0
A 30 66 0
A 40 70 0
A 50 96 0
A 60 59 3
A 70 50 0
C
M 2
A -70 30 0
A -60 30 0
A -50 36 2
A -40 74 0
A -30 72 0
A -20 74 0
A -10 62 0
A 0 60 0
A 10 60 0
A 20 61 1
A 30 64 0
A 40 68 0
A 50 97 1
A 60 75 19
A 70 51 1
C
M 2
A -70 30 0
A -60 30 0
A -50 32 0
A -40 108 40
A -30 115 43
A -20 62 0
A -10 59 1
A 0 58 0
A 10 58 0
A 20 58 0
A 30 63 1
A 40 99 29
A 50 129 1
A 60 143 7
A 70 52 0
C
M 2
A -70 28 0
A -60 31 1
A -50 32 2
A -40 66 2
A -30 60 0
A -20 55 1
A -10 54 0
A 0 52 0
A 10 52 0
A 20 53 1
A 30 54 0
A 40 60 0
A 50 125 1
A 60 129 1
A 70 55 1
C
T -60
A -70 190 2
A -60 118 82
A -50 31 1
A -40 26 0
A -30 26 0
A -20 26 0
A -10 26 0
A 0 30 0
A 10 31 1
A 20 163 1
A 30 75 1
A 40 59 1
A 50 56 0
A 60 55 1
A 70 56 0
C
T -70
A -70 141 7
A -60 129 1
A -50 128 0
A -40 155 23
A -30 180 4
A -20 186 0
A -10 223 7
A 0 34 0
A 10 30 0
A 20 28 0
A 30 26 0
A 40 28 0
A 50 30 0
A 60 114 38
A 70 74 0
C
T -10
A -70 153 1
A -60 131 1
A -50 129 1
A -40 130 0
A -30 184 2
A -20 181 1
A -10 182 0
A 0 33 1
A 10 32 0
A 20 30 0
A 30 29 1
A 40 30 0
A 50 31 1
A 60 85 53
A 70 73 1
C
T -30
A -70 148 0
A -60 144 6
A -50 131 1
A -40 130 0
A -30 132 0
A -20 185 1
A -10 189 3
A 0 204 2
A 10 36 0
A 20 34 0
A 30 32 0
A 40 32 0
A 50 32 0
A 60 35 1
A 70 37 1
C
M 2
A -70 152 0
A -60 147 1
A -50 128 0
A -40 127 1
A -30 131 1
A -20 184 4
A -10 197 1
A 0 200 0
A 10 36 0
A 20 30 0
A 30 28 0
A 40 28 0
A 50 29 1
A 60 32 0
A 70 87 11
C
T 0
A -70 151 1
A -60 145 3
A -50 128 0
A -40 128 0
A -30 131 1
A -20 180 2
A -10 189 7
A 0 199 1
A 10 201 1
A 20 30 0
A 30 28 0
A 40 29 1
A 50 29 1
A 60 32 0
A 70 73 1
C
T -10
A -70 158 4
A -60 151 1
A -50 132 0
A -40 127 1
A -30 127 1
A -20 129 1
A -10 184 2
A 0 195 1
A 10 197 3
A 20 34 0
A 30 31 1
A 40 28 0
A 50 30 0
A 60 31 1
A 70 30 0
C
T -10
A -70 203 25
A -60 154 2
A -50 149 1
A -40 132 2
A -30 127 1
A -20 127 1
A -10 130 2
A 0 186 10
A 10 194 2
A 20 196 2
A 30 33 1
A 40 30 0
A 50 30 0
A 60 30 0
A 70 30 0
C
M 2
A -70 165 1
A -60 162 2
A -50 155 7
A -40 127 1
A -30 122 0
A -20 124 0
A -10 162 28
A 0 192 8
RESET
A -70 165 1
A -60 161 1
A -50 160 2
A -40 135 9
A -30 124 0
A -20 124 0
A -10 171 39
A 0 203 5
A 10 198 0
A 20 217 15
A 30 36 2
A 40 28 0
A 50 26 0
A 60 26 0
A 70 100 72
C
T -20
A -70 58 0
A -60 229 9
A -50 163 1
A -40 159 1
A -30 158 0
A -20 127 1
A -10 123 1
A 0 124 0
A 10 127 1
A 20 178 0
A 30 199 1
A 40 203 1
A 50 33 1
A 60 28 0
A 70 26 0
C
T -60
A -70 51 1
A -60 33 15
A -50 49 1
A -40 47 1
A -30 49 1
A -20 52 0
A -10 114 54
A 0 163 1
A 10 159 1
A 20 147 1
A 30 135 5
A 40 126 0
A 50 124 0
A 60 160 34
A 70 199 1
C
M 2
A -70 15 1
A -60 17 1
A -50 19 1
A -40 46 0
A -30 48 0
A -20 51 1
A -10 249 21
A 0 214 2
A 10 159 3
A 20 153 1
A 30 154 2
A 40 123 1
A 50 122 0
A 60 126 2
A 70 203 3
C
T -10