A 40 110.00 0.08
A 50 148.00 0.40
A 60 143.00 0.20
A 70 142.00 0.13
M 2
A 70 112.00 0.24
A 60 143.59 0.20
A 50 146.00 0.06
A 40 109.90 0.20
A 30 106.00 0.08
A 20 102.00 0.00
A 10 100.00 0.00
A 0 98.72 0.14
A -10 99.72 0.06
A -20 102.00 0.00
A -30 102.00 0.00
A -40 108.00 0.20
A -50 24.00 0.10
A -60 21.86 0.03
A -70 20.00 0.20
M 2
A -70 20.00 0.00
A -60 22.00 0.00
A -50 160.76 14.22
A -40 104.00 0.00
A -30 100.00 0.00
A -20 98.00 0.00
A -10 98.00 0.00
A 0 98.00 0.09
A 10 97.52 0.20
A 20 98.00 0.00
A 30 101.97 0.01
A 40 142.00 0.20
A 50 143.00 0.20
A 60 142.00 2.80
A 70 144.00 0.10
M 2
A 70 110.00 0.11
A 60 138.00 0.00
A 50 138.00 0.00
A 40 106.00 0.20
A 30 100.21 0.07
A 20 96.00 0.00
A 10 94.00 0.00
A 0 94.00 0.00
A -10 92.00 0.15
A -20 96.00 0.00
A -30 100.00 0.00
A -40 104.00 0.00
A -50 26.00 0.00
A -60 22.00 0.00
A -70 20.00 0.00
M 2
A -70 20.00 0.00
A -60 24.00 0.20
A -50 28.00 0.40
A -40 111.00 0.40
A -30 112.41 0.20
A -20 92.00 0.00
A -10 90.00 0.00
A 0 92.00 0.04
A 10 92.00 0.04
A 20 92.00 0.20
A 30 98.00 0.00
A 40 134.00 0.00
A 50 134.00 0.00
A 60 107.00 0.58
A 70 107.00 3.20
M 2
A 70 102.00 0.00
A 60 104.00 0.20
A 50 132.00 0.00
A 40 130.00 0.06
A 30 132.00 0.11
A 20 88.00 0.00
A 10 84.00 0.02
A 0 84.00 0.11
A -10 84.00 0.00
A -20 86.00 0.00
A -30 86.00 0.12
A -40 162.00 0.40
A -50 28.00 0.20
A -60 24.00 0.03
A -70 20.00 0.00
M 2
A -70 20.00 0.00
A -60 24.00 0.00
A -50 26.00 0.09
A -40 86.00 0.00
A -30 84.00 0.20
A -20 82.00 0.00
A -10 80.00 0.08
A 0 80.00 0.00
A 10 80.00 0.00
A 20 82.00 0.00
A 30 84.00 0.20
A 40 130.00 0.00
A 50 128.00 0.00
A 60 128.00 0.00
A 70 100.00 0.00
M 2
A 70 100.00 0.00
A 60 130.14 0.06
A 50 129.00 0.20
A 40 141.55 0.40
A 30 80.00 0.20
A 20 78.00 0.02
A 10 76.00 0.00
A 0 76.00 0.00
A -10 76.00 0.00
A -20 76.00 0.15
A -30 84.00 0.00
A -40 82.00 0.00
A -50 32.00 0.04
A -60 20.00 0.17
A -70 23.72 0.20
M 2
A -70 20.00 0.00
A -60 26.00 0.00
A -50 26.52 0.20
A -40 80.00 0.00
A -30 74.00 0.03
A -20 74.00 0.20
A -10 72.00 0.00
A 0 72.00 0.00
A 10 72.00 0.00
A 20 74.00 0.00
A 30 76.00 0.00
A 40 82.00 0.10
A 50 131.79 0.20
A 60 134.00 0.00
A 70 98.00 0.20
M 2
A 70 128.00 0.20
A 60 125.59 0.20
A 50 124.00 0.04
A 40 124.00 0.00
A 30 74.00 0.00
A 20 70.00 0.00
A 10 68.00 0.00
A 0 68.00 0.00
A -10 68.00 0.00
A -20 68.00 0.15
A -30 72.00 0.00
A -40 74.00 0.00
A -50 33.00 0.40
A -60 22.38 0.20
A -70 24.00 0.00
M 2
A -70 22.00 0.00
A -60 26.00 0.20
A -50 26.00 0.00
A -40 74.00 0.00
A -30 70.00 0.20
A -20 66.00 0.10
A -10 64.62 0.20
A 0 64.00 0.00
A 10 64.00 0.00
A 20 66.00 0.00
A 30 70.00 0.00
A 40 120.00 0.14
A 50 120.00 0.00
A 60 118.34 0.13
A 70 121.90 0.60
M 2
A 70 120.00 0.00
A 60 116.55 0.20
A 50 116.00 0.00
A 40 118.00 0.08
A 30 122.00 0.20
A 20 64.00 0.00
A 10 62.00 0.00
A 0 62.00 0.00
A -10 62.00 0.00
A -20 64.00 0.00
A -30 77.83 0.20
A -40 74.00 0.00
A -50 162.03 1.20
A -60 24.00 0.04
A -70 24.00 0.00
M 2
A -70 24.00 0.00
A -60 26.00 0.00
A -50 28.00 0.18
A -40 68.28 0.20
A -30 60.00 0.11
A -20 58.00 0.00
A -10 56.00 0.00
A 0 56.00 0.00
A 10 56.00 0.12
A 20 58.00 0.00
A 30 62.00 0.20
A 40 118.00 0.00
A 50 114.00 0.05
A 60 114.00 0.00
A 70 116.00 0.00
M 2
A 70 114.00 0.00
A 60 114.00 0.00
A 50 114.00 0.00
A 40 118.00 0.00
A 30 56.00 0.20
A 20 54.00 0.00
A 10 52.00 0.00
A 0 52.00 0.00
A -10 52.00 0.00
A -20 53.93 0.01
A -30 54.00 0.14
A -40 60.00 0.00
A -50 66.00 0.10
A -60 24.00 0.20
A -70 26.00 0.00
M 2
A -70 24.00 0.00
A -60 27.86 0.03
A -50 30.00 0.20
A -40 56.00 0.10
A -30 52.00 0.00
A -20 49.55 0.20
A -10 48.00 0.00
A 0 48.00 0.00
A 10 48.00 0.00
A 20 50.00 0.00
A 30 52.00 0.04
A 40 175.00 0.26
A 50 132.00 2.00
A 60 113.00 0.40
A 70 117.00 0.40
M 2
A 70 181.07 2.00
A 60 115.79 0.20
A 50 127.00 0.60
A 40 177.00 1.20
A 30 50.00 0.03
A 20 46.00 0.00
A 10 44.00 0.11
A 0 44.00 0.00
A -10 44.00 0.00
A -20 46.00 0.00
A -30 48.00 0.00
A -40 56.00 0.06
A -50 58.00 0.20
A -60 26.00 0.00
A -70 26.00 0.00
M 2
A -70 24.00 0.00
A -60 28.00 0.01
A -50 32.00 0.00
A -40 52.00 0.08
A -30 44.00 0.04
A -20 42.00 0.00
A -10 40.00 0.00
A 0 40.00 0.00
A 10 40.00 0.00
A 20 42.00 0.00
A 30 44.00 0.20
A 40 185.00 1.80
A 50 123.00 0.60
A 60 113.97 0.20
A 70 188.41 9.20
M 2
A 70 96.00 0.06
A 60 107.93 0.20
A 50 213.00 3.80
A 40 158.00 0.00
A 30 41.21 0.20
A 20 38.00 0.00
A 10 36.00 0.00
A 0 36.00 0.00
A -10 36.00 0.00
A -20 38.00 0.00
A -30 40.00 0.00
A -40 44.00 0.08
A -50 49.00 0.10
A -60 28.28 0.00
A -70 26.00 0.00
M 2
A -70 26.00 0.00
A -60 27.72 0.12
A -50 36.00 0.20
A -40 46.00 0.19
A -30 36.00 0.00
A -20 34.00 0.00
A -10 34.00 0.00
A 0 32.00 0.20
A 10 34.00 0.00
A 20 33.83 0.20
A 30 38.00 0.00
A 40 154.00 0.20
A 50 220.00 1.40
A 60 106.10 0.20
A 70 95.00 0.48
M 2
A 70 90.00 0.00
A 60 217.00 2.25
A 50 141.24 2.00
A 40 152.00 0.01
A 30 32.00 0.14
A 20 30.00 0.00
A 10 28.00 0.00
A 0 28.00 0.00
A -10 28.00 0.03
A -20 30.00 0.08
A -30 34.00 0.00
A -40 34.62 0.06
A -50 42.00 0.33
A -60 30.00 0.00
A -70 26.00 0.03
M 2
A -70 28.00 0.00
A -60 27.93 0.04
A -50 36.00 0.00
A -40 44.00 0.01
A -30 32.14 0.00
A -20 26.00 0.00
A -10 22.72 0.00
A 0 22.66 0.00
A 10 24.00 0.00
A 20 26.00 0.00
A 30 28.00 0.00
A 40 146.00 0.00
A 50 126.00 2.80
A 60 210.90 1.47
A 70 90.00 0.13
M 2
A 70 92.00 0.00
A 60 100.00 0.12
A 50 221.00 4.00
A 40 143.86 0.08
A 30 28.00 0.00
A 20 20.00 0.10
A 10 22.00 0.10
A 0 21.79 0.02
A -10 22.00 0.00
A -20 24.00 0.00
A -30 24.00 0.00
A -40 40.00 0.00
A -50 34.00 0.19
A -60 30.00 0.00
A -70 26.00 0.00
M 2
A -70 28.55 0.20
A -60 30.00 0.06
A -50 40.00 0.00
A -40 38.00 0.00
A -30 16.00 0.07
A -20 18.00 0.00
A -10 18.00 0.00
A 0 18.00 0.00
A 10 18.00 0.00
A 20 16.00 0.00
A 30 27.17 0.00
A 40 20.00 0.20
A 50 233.00 5.20
A 60 100.00 0.20
A 70 92.00 0.06
T 50
A 70 88.00 0.00
A 60 84.97 0.20
A 50 86.00 0.20
A 40 86.00 0.00
A 30 89.97 0.20
A 20 94.00 0.01
A 10 220.00 11.88
A 0 218.00 4.49
A -10 142.00 0.20
A -20 19.93 0.20
A -30 20.00 0.20
A -40 14.00 0.20
A -50 16.00 0.03
A -60 16.00 0.20
A -70 22.00 0.00
T 10
A -70 18.86 0.20
A -60 19.72 0.06
A -50 18.00 0.00
A -40 16.00 0.00
A -30 20.00 0.07
A -20 22.00 0.00
A -10 150.48 5.05
A 0 187.72 4.80
A 10 110.00 0.20
A 20 88.00 0.01
A 30 86.00 0.00
A 40 85.90 0.20
A 50 86.00 0.00
A 60 86.00 0.00
A 70 90.00 0.14
T 0
A 70 92.00 0.20
A 60 86.66 0.20
A 50 86.00 0.00
A 40 85.90 0.20
A 30 86.00 0.00
A 20 88.00 0.00
A 10 109.00 0.25
A 0 226.10 0.60
A -10 144.41 5.00
A -20 21.90 0.20
A -30 22.00 0.20
A -40 16.00 0.00
A -50 18.00 0.00
A -60 18.00 0.00
A -70 18.72 0.20
T 0
A -70 18.00 0.00
A -60 18.00 0.17
A -50 18.00 0.00
A -40 16.00 0.00
A -30 20.48 0.20
A -20 22.00 0.20
A -10 155.00 7.40
A 0 220.00 3.80
A 10 107.86 0.20
A 20 88.00 0.00
A 30 86.00 0.00
A 40 85.00 0.20
A 50 85.00 0.20
A 60 86.00 0.00
A 70 92.00 0.03
T 0
A 70 92.00 0.00
A 60 87.00 0.18
A 50 86.00 0.00
A 40 84.07 0.11
A 30 86.00 0.00
A 20 88.00 0.00
A 10 106.90 0.20
A 0 200.00 4.60
A -10 158.52 4.20
A -20 22.00 0.00
A -30 22.00 0.00
A -40 16.00 0.00
A -50 18.00 0.00
A -60 18.00 0.00
A -70 18.93 0.20
T 0
A -70 18.00 0.00
A -60 18.00 0.13
A -50 18.00 0.08
A -40 16.00 0.00
A -30 20.00 0.20
A -20 22.00 0.00
A -10 173.00 8.60
A 0 216.00 4.00
A 10 106.00 0.00
A 20 88.00 0.08
A 30 86.00 0.00
A 40 84.55 0.20
A 50 86.00 0.06
A 60 86.00 0.00
A 70 92.00 0.20
M 2
A 70 86.00 0.00
A 60 84.00 0.06
A 50 82.00 0.00
A 40 82.00 0.00
A 30 84.00 0.00
A 20 84.00 0.08
A 10 88.34 0.00
A 0 104.00 0.30
A -10 110.00 0.80
A -20 22.00 0.20
A -30 19.00 0.20
A -40 14.00 0.00
A -50 16.00 0.00
A -60 16.00 0.00
A -70 18.00 0.00
T -10
A -70 16.00 0.00
A -60 17.00 0.20
A -50 16.00 0.00
A -40 16.00 0.06
A -30 18.00 0.00
A -20 16.00 0.00
A -10 134.59 10.50
A 0 147.00 9.00
A 10 106.48 0.40
A 20 90.00 0.00
A 30 84.00 0.00
A 40 84.00 0.00
A 50 82.00 0.00
A 60 82.00 0.00
A 70 84.00 0.20
T 0
A 70 84.00 0.00
A 60 83.38 0.20
A 50 82.00 0.14
A 40 83.66 0.20
A 30 84.00 0.00
A 20 88.00 0.00
A 10 108.00 0.40
A 0 63.00 8.25
A -10 30.00 0.01
A -20 16.00 0.00
A -30 18.00 0.05
A -40 16.00 0.00
A -50 14.00 0.00
A -60 14.86 0.20
A -70 20.00 0.20
T 10
A -70 17.97 0.20
A -60 16.00 0.00
A -50 16.00 0.00
A -40 14.00 0.00
A -30 16.00 0.00
A -20 23.59 0.20
A -10 109.00 0.20
A 0 101.00 0.40
A 10 90.00 0.00
A 20 84.00 0.00
A 30 83.45 0.20
A 40 82.00 0.00
A 50 82.00 0.00
A 60 83.59 0.06
A 70 84.00 0.15
T -10
A 70 84.00 0.00
A 60 82.72 0.20
A 50 82.00 0.09
A 40 84.00 0.00
A 30 84.00 0.00
A 20 88.00 0.00
A 10 102.45 0.20
A 0 218.00 3.79
A -10 16.00 0.19
A -20 20.00 0.00
A -30 16.00 0.20
A -40 14.00 0.20
A -50 16.00 0.00
A -60 16.00 0.00
A -70 16.00 0.00
T 0
A -70 16.00 0.00
A -60 16.00 0.00
A -50 16.00 0.00
A -40 16.00 0.00
A -30 16.00 0.06
A -20 20.00 0.00
A -10 17.31 0.20
A 0 186.00 1.06
A 10 104.00 0.20
A 20 89.31 0.20
A 30 84.00 0.18
A 40 84.00 0.01
A 50 82.69 0.20
A 60 82.86 0.20
A 70 84.00 0.00
T 0
A 70 84.00 0.00
A 60 83.66 0.20
A 50 82.00 0.00
A 40 83.00 0.20
A 30 84.90 0.18
A 20 89.83 0.03
A 10 102.00 0.60
A 0 228.00 4.26
A -10 17.00 0.20
A -20 20.00 0.00
A -30 15.86 0.20
A -40 15.72 0.20
A -50 16.00 0.00
A -60 16.00 0.00
A -70 16.00 0.00
M 2
A -70 16.00 0.10
A -60 14.00 0.00
A -50 12.00 0.00
A -40 12.00 0.00
A -30 13.93 0.01
A -20 18.00 0.00
A -10 16.00 0.00
A 0 20.00 0.00
A 10 193.17 13.20
A 20 88.00 0.00
A 30 82.00 0.20
A 40 80.00 0.00
A 50 80.00 0.03
A 60 80.00 0.00
A 70 82.00 0.20
T 10
A 70 84.00 0.00
A 60 80.62 0.20
A 50 80.00 0.00
A 40 80.00 0.00
A 30 80.00 0.00
A 20 82.00 0.00
A 10 86.00 0.00
A 0 93.55 0.20
A -10 20.00 0.00
A -20 137.00 0.32
A -30 16.00 0.03
A -40 16.00 0.00
A -50 16.00 0.00
A -60 14.00 0.00
A -70 16.00 0.00
T -20
A -70 160.00 0.40
A -60 14.00 0.05
A -50 16.00 0.00
A -40 16.00 0.00
A -30 16.00 0.20
A -20 14.00 0.00
A -10 16.00 0.03
A 0 20.00 0.06
A 10 231.00 0.91
A 20 228.00 0.80
A 30 86.00 0.16
A 40 84.00 0.00
A 50 81.66 0.20
A 60 80.00 0.00
A 70 80.90 0.19
T 10
A 70 82.00 0.00
A 60 80.00 0.00
A 50 80.00 0.00
A 40 80.00 0.15
A 30 82.00 0.00
A 20 88.00 0.10
A 10 219.55 3.80
A 0 83.14 11.94
A -10 16.00 0.00
A -20 18.00 0.14
A -30 14.00 0.01
A -40 12.00 0.00
A -50 12.00 0.00
A -60 13.93 0.20
A -70 17.62 0.20
T 10
A -70 14.00 0.01
A -60 13.00 0.10
A -50 12.00 0.00
A -40 14.00 0.00
A -30 18.00 0.00
A -20 14.00 0.08
A -10 20.00 0.00
A 0 199.00 2.80
A 10 86.31 0.20
A 20 82.00 0.00
A 30 80.00 0.00
A 40 80.00 0.00
A 50 80.00 0.00
A 60 80.00 0.00
A 70 83.17 0.20
T 0
A 70 84.00 0.20
A 60 80.41 0.20
A 50 80.00 0.03
A 40 80.00 0.00
A 30 80.00 0.00
A 20 82.00 0.20
A 10 88.00 0.20
A 0 224.34 3.06
A -10 20.00 0.00
A -20 16.00 0.07
A -30 18.00 0.20
A -40 14.00 0.00
A -50 12.00 0.00
A -60 12.00 0.00
A -70 13.93 0.01
T 0
A -70 13.97 0.20
A -60 12.00 0.00
A -50 12.00 0.00
A -40 14.00 0.00
A -30 18.00 0.01
A -20 16.00 0.20
A -10 20.00 0.00
A 0 198.00 4.00
A 10 88.00 0.10
A 20 82.00 0.00
A 30 80.00 0.00
A 40 80.00 0.00
A 50 80.00 0.20
A 60 80.00 0.00
A 70 83.00 0.10
M 2
A 70 80.00 0.00
A 60 78.00 0.00
A 50 76.90 0.18
A 40 78.00 0.00
A 30 78.00 0.00
A 20 81.31 0.17
A 10 216.00 1.87
A 0 94.00 0.41
A -10 170.00 9.80
A -20 14.00 0.20
A -30 20.00 0.00
A -40 12.00 0.00
A -50 12.00 0.00
A -60 12.00 0.00
A -70 10.72 0.20
T 10
A -70 12.00 0.00
A -60 12.00 0.00
A -50 14.00 0.00
A -40 14.00 0.01
A -30 25.41 0.42
A -20 16.00 0.20
A -10 222.07 1.60
A 0 216.00 2.00
A 10 80.00 0.00
A 20 78.00 0.00
A 30 76.00 0.00
A 40 76.00 0.15
A 50 78.00 0.09
A 60 80.00 0.20
A 70 84.00 0.00
T -10
A 70 80.00 0.00
A 60 78.00 0.00
A 50 76.00 0.20
A 40 78.00 0.00
A 30 78.00 0.00
A 20 81.10 0.20
A 10 221.00 0.20
A 0 187.00 0.80
A -10 18.00 0.00
A -20 17.76 0.40
A -30 14.00 0.00
A -40 12.83 0.20
A -50 10.00 0.17
A -60 10.00 0.00
A -70 12.00 0.12
T 10
A -70 12.00 0.03
A -60 12.00 0.00
A -50 14.00 0.00
A -40 12.21 0.14
A -30 138.00 0.40
A -20 16.00 0.00
A -10 223.93 2.54
A 0 93.00 0.40
A 10 80.00 0.03
A 20 78.00 0.00
A 30 76.00 0.12
A 40 76.00 0.00
A 50 76.00 0.00
A 60 78.00 0.00
A 70 84.00 0.00
T -10
A 70 80.00 0.06
A 60 78.00 0.00
A 50 76.00 0.20
A 40 78.00 0.00
A 30 78.00 0.00
A 20 80.00 0.20
A 10 222.00 0.20
A 0 223.00 0.20
A -10 18.00 0.20
A -20 20.00 0.00
A -30 12.00 0.00
A -40 14.00 0.00
A -50 12.00 0.00
A -60 10.00 0.00
A -70 12.00 0.00
T 0
A -70 12.00 0.00
A -60 10.00 0.00
A -50 11.86 0.06
A -40 14.00 0.01
A -30 14.00 0.00
A -20 17.59 0.20
A -10 16.00 0.00
A 0 201.00 12.20
A 10 222.00 0.60
A 20 82.00 0.00
A 30 78.00 0.00
A 40 78.00 0.20
A 50 77.97 0.02
A 60 78.00 0.00
A 70 80.00 0.00
T 10
A 70 84.00 0.20
A 60 79.00 0.20
A 50 78.00 0.00
A 40 76.00 0.11
A 30 76.00 0.00
A 20 78.00 0.00
A 10 80.00 0.00
A 0 104.83 11.20
A -10 203.00 1.80
A -20 16.00 0.10
A -30 136.00 0.60
A -40 12.00 0.00
A -50 14.00 0.00
A -60 12.00 0.15
A -70 12.00 0.00
M 2
A -70 10.00 0.00
A -60 10.00 0.00
A -50 10.00 0.00
A -40 14.00 0.00
A -30 14.00 0.20
A -20 198.00 0.20
A -10 150.00 9.20
A 0 220.00 0.20
A 10 80.00 0.20
A 20 76.00 0.00
A 30 74.00 0.00
A 40 74.00 0.00
A 50 74.00 0.00
A 60 76.00 0.04
A 70 80.00 0.00
T 0
A 70 80.90 0.20
A 60 76.00 0.20
A 50 74.00 0.00
A 40 74.00 0.00
A 30 75.31 0.00
A 20 76.00 0.00
A 10 80.00 0.20
A 0 219.00 0.20
A -10 153.00 7.60
A -20 171.83 11.80
A -30 12.76 0.20
A -40 14.00 0.01
A -50 10.00 0.00
A -60 10.00 0.00
A -70 10.00 0.00
T 0
A -70 10.00 0.00
A -60 10.00 0.00
A -50 10.00 0.00
A -40 14.00 0.00
A -30 14.00 0.00
A -20 24.00 0.00
A -10 101.21 9.60
A 0 220.00 0.00
A 10 80.00 0.00
A 20 76.00 0.00
A 30 74.00 0.00
A 40 74.00 0.03
A 50 74.00 0.00
A 60 76.00 0.14
A 70 80.00 0.06
T 0
A 70 80.00 0.00
A 60 77.00 0.14
A 50 74.00 0.00
A 40 74.00 0.00
A 30 74.00 0.10
A 20 76.00 0.00
A 10 78.00 0.20
A 0 220.00 0.00
A -10 102.00 4.37
A -20 24.00 0.00
A -30 14.00 0.00
A -40 14.00 0.00
A -50 10.00 0.14
A -60 10.00 0.00
A -70 10.00 0.00
T 0
A -70 10.00 0.00
A -60 10.00 0.00
A -50 10.00 0.00
A -40 14.00 0.00
A -30 14.00 0.00
A -20 24.14 0.03
A -10 99.00 5.00
A 0 220.00 1.20
A 10 80.00 0.00
A 20 76.00 0.01
A 30 74.00 0.08
A 40 74.00 0.00
A 50 74.00 0.00
A 60 76.00 0.00
A 70 80.00 0.17
T 0
A 70 80.00 0.20
A 60 77.38 0.20
A 50 74.00 0.09
A 40 74.00 0.00
A 30 74.00 0.00
A 20 76.00 0.00
A 10 80.00 0.00
A 0 220.00 0.20
A -10 148.00 9.76
A -20 23.72 0.20
A -30 14.00 0.02
A -40 14.00 0.00
A -50 10.66 0.00
A -60 10.00 0.00
A -70 10.00 0.00
T 0
A -70 10.00 0.00
A -60 10.00 0.00
A -50 10.38 0.17
A -40 14.00 0.00
A -30 14.00 0.00
A -20 24.00 0.00
A -10 100.00 1.00
A 0 220.00 0.00
A 10 78.00 0.20
A 20 76.00 0.11
A 30 74.00 0.13
A 40 74.00 0.00
A 50 74.00 0.13
A 60 76.00 0.00
A 70 80.00 0.00
M 2
A 70 98.00 0.20
A 60 74.00 0.13
A 50 72.00 0.15
A 40 72.00 0.00
A 30 72.00 0.00
A 20 75.00 0.20
A 10 192.83 0.94
A 0 218.00 0.00
A -10 17.38 0.20
A -20 14.00 0.20
A -30 16.00 0.07
A -40 10.00 0.00
A -50 10.00 0.00
A -60 11.86 0.20
A -70 12.00 0.20
T 0
A -70 11.72 0.07
A -60 10.00 0.17
A -50 11.38 0.14
A -40 10.00 0.00
A -30 16.00 0.00
A -20 14.00 0.00