等待接收数据中…
A 40 56.00 0.00
A 30 56.00 0.00
A 20 56.00 0.00
A 10 56.00 0.00
A 0 56.00 0.00
A -10 56.00 0.00
A -20 56.00 0.00
A -30 56.00 0.00
A -40 56.00 0.00
A -50 56.00 0.00
A -60 55.59 0.20
A -70 56.00 0.07
M 2
A -70 55.86 0.20
A -60 54.00 0.00
A -50 13.97 0.28
A -40 15.34 4.40
A -30 55.17 0.20
A -20 54.00 0.00
A -10 16.34 4.00
A 0 191.00 2.00
A 10 196.00 1.60
A 20 186.00 0.50
A 30 56.21 0.00
A 40 54.00 0.00
A 50 52.00 0.00
A 60 52.00 0.00
A 70 54.00 0.00
T 10
A 70 58.00 0.00
A 60 54.00 0.00
A 50 52.00 0.00
A 40 52.00 0.00
A 30 54.00 0.00
A 20 60.00 0.20
A 10 192.76 0.79
A 0 196.00 0.50
A -10 199.00 0.40
A -20 19.93 0.03
A -30 16.00 0.40
A -40 14.24 0.00
A -50 12.00 0.00
A -60 12.00 0.00
A -70 13.00 0.05
T -10
A -70 12.00 0.00
A -60 12.00 0.00
A -50 12.00 0.00
A -40 10.97 0.20
A -30 16.00 0.00
A -20 16.00 0.06
A -10 204.00 0.40
A 0 198.00 0.40
A 10 196.62 0.20
A 20 193.00 0.40
A 30 57.17 0.20
A 40 54.00 0.00
A 50 53.93 0.01
A 60 54.00 0.00
A 70 54.00 0.00
T -10
A 70 54.00 0.00
A 60 53.00 0.06
A 50 54.00 0.00
A 40 58.00 0.00
A 30 186.45 0.20
A 20 197.00 0.40
A 10 199.00 0.20
A 0 196.00 1.20
A -10 30.00 0.00
A -20 12.00 0.00
A -30 12.00 0.00
A -40 12.00 0.00
A -50 14.00 0.20
A -60 14.00 0.00
A -70 14.00 0.00
T 10
A -70 12.00 0.00
A -60 12.00 0.00
A -50 12.00 0.00
A -40 12.00 0.03
A -30 16.00 0.00
A -20 15.00 0.04
A -10 205.00 0.43
A 0 200.00 0.00
A 10 196.00 0.20
A 20 186.45 0.20
A 30 56.00 0.07
A 40 54.00 0.00
A 50 52.00 0.17
A 60 54.00 0.01
A 70 54.00 0.20
T -10
A 70 54.00 0.00
A 60 52.00 0.00
A 50 54.00 0.00
A 40 58.00 0.00
A 30 186.00 0.20
A 20 192.00 1.20
A 10 196.00 1.31
A 0 197.00 1.00
A -10 87.00 15.00
A -20 12.00 0.00
A -30 12.00 0.00
A -40 12.00 0.00
A -50 14.00 0.00
A -60 13.79 0.00
A -70 14.00 0.00
T 0
A -70 14.00 0.00
A -60 12.00 0.00
A -50 14.00 0.00
A -40 12.00 0.18
A -30 12.00 0.00
A -20 12.00 0.00
A -10 176.00 3.99
A 0 187.00 0.40
A 10 196.00 0.77
A 20 188.41 1.00
A 30 187.00 0.20
A 40 58.00 0.00
A 50 54.00 0.00
A 60 54.00 0.00
A 70 54.00 0.00
T 45
A 70 88.00 0.00
A 60 92.00 0.00
A 50 58.00 0.20
A 40 52.00 0.10
A 30 52.00 0.00
A 20 50.00 0.00
A 10 50.00 0.13
A 0 52.00 0.00
A -10 56.48 0.40
A -20 195.00 0.20
A -30 197.66 0.20
A -40 186.00 0.60
A -50 16.00 0.00
A -60 15.00 0.20
A -70 12.00 0.00
M 2
A -70 13.00 0.20
A -60 20.00 0.00
A -50 16.00 0.06
A -40 23.00 0.80
A -30 194.00 0.08
A -20 192.00 0.00
A -10 182.00 0.80
A 0 54.00 0.00
A 10 49.90 0.06
A 20 48.00 0.00
A 30 48.00 0.00
A 40 50.00 0.00
A 50 172.00 0.14
A 60 94.00 0.00
A 70 88.00 0.00
T -30
A 70 56.00 0.00
A 60 50.00 0.00
A 50 50.00 0.00
A 40 50.00 0.00
A 30 54.00 0.00
A 20 183.00 0.20
A 10 192.00 0.00
A 0 194.00 0.00
A -10 196.00 0.00
A -20 20.41 0.20
A -30 16.83 0.00
A -40 14.00 0.00
A -50 15.86 0.20
A -60 15.00 0.12
A -70 16.00 0.00
T -10
A -70 18.00 0.00
A -60 12.00 0.11
A -50 12.00 0.00
A -40 12.00 0.00
A -30 16.00 0.00
A -20 14.24 0.00
A -10 206.00 1.00
A 0 198.00 0.20
A 10 194.00 0.20
A 20 190.00 0.51
A 30 181.00 0.20
A 40 54.00 0.20
A 50 50.00 0.00
A 60 50.00 0.00
A 70 50.00 0.20
T -10
A 70 50.00 0.00
A 60 50.00 0.00
A 50 54.00 0.02
A 40 183.17 0.60
A 30 191.00 0.40
A 20 194.00 0.01
A 10 200.00 0.80
A 0 20.00 0.00
A -10 176.00 16.64
A -20 12.00 0.00
A -30 12.00 0.00
A -40 12.00 0.00
A -50 12.00 0.00
A -60 12.00 0.00
A -70 180.00 0.20
T 10
A -70 20.00 0.00
A -60 12.00 0.00
A -50 12.00 0.00
A -40 12.00 0.00
A -30 16.00 0.17
A -20 14.00 0.00
A -10 186.00 2.40
A 0 194.00 1.23
A 10 194.00 0.00
A 20 188.00 0.20
A 30 180.00 0.27
A 40 54.00 0.02
A 50 50.00 0.00
A 60 50.00 0.00
A 70 52.00 0.03
T 0
A 70 52.00 0.00
A 60 50.00 0.00
A 50 50.00 0.00
A 40 54.00 0.01
A 30 180.41 0.20
A 20 186.59 0.20
A 10 194.00 0.00
A 0 197.62 0.20
A -10 205.00 1.00
A -20 14.00 0.00
A -30 16.00 0.07
A -40 12.00 0.00
A -50 12.00 0.00
A -60 12.00 0.00
A -70 20.00 0.00
T -10
A -70 182.00 0.00
A -60 13.93 0.20
A -50 12.00 0.00
A -40 12.00 0.00
A -30 12.00 0.00
A -20 12.00 0.00
A -10 204.86 2.10
A 0 20.00 0.00
A 10 200.69 0.60
A 20 194.00 0.20
A 30 192.00 0.00
A 40 184.00 0.20
A 50 54.00 0.01
A 60 50.00 0.00
A 70 50.00 0.00
T 45
A 70 90.00 0.00
A 60 174.00 7.60
A 50 117.00 10.40
A 40 50.00 0.00
A 30 49.10 0.11
A 20 48.97 0.19
A 10 52.00 0.04
A 0 176.00 0.07
A -10 192.00 0.20
A -20 192.00 0.20
A -30 194.00 0.20
A -40 19.00 0.30
A -50 145.34 2.26
A -60 14.00 0.00
A -70 14.00 0.00
M 2
A -70 16.00 0.00
A -60 13.97 0.01
A -50 85.79 19.42
A -40 16.00 0.00
A -30 191.00 2.40
A -20 190.00 0.00
A -10 187.00 0.20
A 0 188.00 0.20
A 10 48.62 0.20
A 20 46.00 0.00
A 30 44.00 0.00
A 40 46.00 0.00
A 50 55.45 0.40
A 60 168.00 0.00
A 70 90.00 0.20
T -30
A 70 104.00 0.19
A 60 46.00 0.00
A 50 46.00 0.00
A 40 54.00 0.20
A 30 186.72 0.84
A 20 188.00 0.00
A 10 190.00 0.20
A 0 192.00 0.00
A -10 23.24 0.60
A -20 16.00 0.20
A -30 16.00 0.00
A -40 12.00 0.00
A -50 12.00 0.00
A -60 12.00 0.00
A -70 16.00 0.00
T 0
A -70 16.00 0.00
A -60 12.00 0.00
A -50 12.00 0.00
A -40 12.00 0.12
A -30 16.00 0.00
A -20 16.00 0.20
A -10 25.00 0.40
A 0 192.00 0.00
A 10 188.00 0.20
A 20 188.00 0.00
A 30 186.00 0.80
A 40 56.00 0.20
A 50 46.00 0.00
A 60 48.00 0.01
A 70 170.00 0.00
T 0
A 70 170.48 0.08
A 60 46.00 0.00
A 50 46.00 0.00
A 40 54.00 0.00
A 30 184.00 1.00
A 20 188.00 0.20
A 10 188.00 0.20
A 0 192.00 0.00
A -10 26.00 0.60
A -20 16.00 0.00
A -30 16.00 0.00
A -40 12.62 0.20
A -50 12.00 0.00
A -60 12.00 0.00
A -70 16.00 0.00
T 0
A -70 16.00 0.00
A -60 12.00 0.00
A -50 12.00 0.00
A -40 12.00 0.00
A -30 16.00 0.00
A -20 14.00 0.20
A -10 21.90 0.50
A 0 192.00 0.00
A 10 188.00 0.19
A 20 188.00 0.00
A 30 182.00 1.00
A 40 55.72 0.20
A 50 46.00 0.00
A 60 46.79 0.20
A 70 170.00 0.00
T 0
A 70 170.00 0.00
A 60 46.00 0.20
A 50 46.00 0.00
A 40 56.00 0.04
A 30 178.10 0.80
A 20 188.00 0.00
A 10 188.83 0.20
A 0 192.00 0.00
A -10 22.24 0.60
A -20 16.00 0.06
A -30 16.00 0.00
A -40 12.00 0.00
A -50 12.00 0.00
A -60 12.00 0.00
A -70 16.00 0.00
T 0
A -70 16.00 0.00
A -60 12.00 0.00
A -50 12.00 0.00
A -40 12.00 0.12
A -30 17.24 0.00
RESET
A -70 16.00 0.08
A -60 12.00 0.00
A -50 12.00 0.00
A -40 12.00 0.00
A -30 16.00 0.00
A -20 16.00 0.20
A -10 22.59 0.40
A 0 192.00 0.00
A 10 190.00 0.20
A 20 188.00 0.00
A 30 186.00 0.02
A 40 56.00 0.00
A 50 46.00 0.19
A 60 47.86 0.08
A 70 170.00 0.00
T 0
A 70 170.00 0.02
A 60 46.59 0.00
A 50 46.00 0.00
A 40 56.00 0.00
A 30 182.00 1.00
A 20 188.00 0.00
A 10 188.00 0.20
A 0 191.00 0.27
A -10 28.00 0.40
A -20 16.00 0.20
A -30 16.00 0.00
A -40 12.00 0.00
A -50 12.00 0.00
A -60 12.00 0.00
A -70 16.00 0.00
T 0
A -70 16.00 0.00
A -60 12.00 0.00
A -50 12.00 0.00
A -40 12.00 0.00
A -30 16.00 0.00
A -20 15.00 0.20
A -10 26.00 0.62
A 0 192.00 0.00
A 10 190.00 0.20
A 20 188.00 0.00
A 30 186.00 0.00
A 40 58.00 0.12
A 50 48.00 0.01
A 60 46.79 0.20
A 70 160.93 11.00
T 0
A 70 170.00 0.00
A 60 46.00 0.20
A 50 46.00 0.19
A 40 56.00 0.00
A 30 186.38 0.20
A 20 188.00 0.00
A 10 188.00 0.00
A 0 192.00 0.00
A -10 26.00 0.40
A -20 14.00 0.06
A -30 16.00 0.00
A -40 12.00 0.00
A -50 12.00 0.00
A -60 12.00 0.00
A -70 16.00 0.00
T 0
A -70 16.00 0.17
A -60 12.00 0.03
A -50 12.00 0.00
A -40 12.00 0.00
A -30 16.00 0.00
A -20 14.97 0.20
A -10 22.00 0.80
A 0 190.59 0.60
A 10 188.00 0.00
A 20 188.00 0.00
A 30 185.00 0.80
A 40 56.00 0.00
A 50 46.45 0.19
A 60 48.00 0.01
A 70 170.00 0.43
T 0
A 70 170.00 0.00
A 60 46.00 0.20
A 50 46.79 0.20
A 40 56.00 0.07
A 30 180.00 0.80
A 20 188.00 0.00
A 10 188.00 0.00
A 0 192.00 0.00
A -10 27.52 0.40
A -20 15.86 0.03
A -30 16.00 0.00
A -40 13.24 0.20
A -50 12.00 0.00
A -60 12.00 0.00
A -70 16.00 0.00
T 0
A -70 16.00 0.00
A -60 12.00 0.00
A -50 12.00 0.00
A -40 12.00 0.00
A -30 16.00 0.00
A -20 15.17 0.20
A -10 22.86 0.54
A 0 192.00 0.06
A 10 188.00 0.00
A 20 188.00 0.00
A 30 180.00 0.80
A 40 56.00 0.04
A 50 46.00 0.00
A 60 48.00 0.01
A 70 170.00 1.28
T 45
A 70 87.45 0.20
A 60 88.00 0.00
A 50 94.90 0.20
A 40 168.00 0.00
A 30 52.00 0.00
A 20 44.00 0.00
A 10 44.00 0.00
A 0 46.00 0.20
A -10 51.72 0.40
A -20 186.00 0.17
A -30 188.00 0.00
A -40 188.00 0.00
A -50 20.00 0.03
A -60 24.00 0.00
A -70 13.97 0.20
M 2
A -70 16.00 0.20
A -60 23.86 0.21
A -50 21.00 0.20
A -40 186.00 0.12
A -30 184.00 0.00
A -20 182.93 0.20
A -10 44.00 0.01
A 0 40.00 0.00
A 10 38.00 0.20
A 20 40.00 0.00
A 30 40.00 0.00
A 40 44.00 0.00
A 50 52.00 0.00
A 60 88.62 0.20
A 70 86.00 0.00
T -40
A 70 46.00 0.00
A 60 42.45 0.09
A 50 41.24 0.20
A 40 42.00 0.00
A 30 46.00 0.00
A 20 184.00 0.00
A 10 185.17 0.20
A 0 186.00 0.03
A -10 188.00 0.00
A -20 20.00 0.20
A -30 18.00 0.04
A -40 16.00 0.00
A -50 16.00 0.00
A -60 16.00 0.00
A -70 17.59 0.00
T -10
A -70 102.24 0.20
A -60 14.00 0.01
A -50 12.00 0.10
A -40 12.00 0.20
A -30 16.00 0.20
A -20 14.72 0.20
A -10 194.10 0.60
A 0 20.00 0.00
A 10 186.00 0.20
A 20 185.66 0.20
A 30 184.00 0.00
A 40 46.00 0.20
A 50 44.00 0.20
A 60 42.00 0.00
A 70 42.00 0.00
T -10
A 70 42.00 0.00
A 60 42.00 0.00
A 50 44.00 0.00
A 40 184.00 0.06
A 30 184.28 0.20
A 20 186.00 0.02
A 10 22.00 0.60
A 0 194.00 0.40
A -10 206.24 0.40
A -20 14.00 0.00
A -30 14.00 0.20
A -40 14.00 0.05
A -50 14.00 0.08
A -60 14.00 0.00
A -70 183.00 7.60
T -10
A -70 186.00 0.00
A -60 18.00 0.00
A -50 14.00 0.09
A -40 16.00 0.11
A -30 13.00 0.02
A -20 16.00 0.01
A -10 16.00 0.00
A 0 17.00 0.20
A 10 188.00 18.60
A 20 192.00 0.80
A 30 186.00 0.20
A 40 186.00 0.00
A 50 184.00 0.12
A 60 48.00 0.06
A 70 44.00 0.00
T 20
A 70 43.10 0.00
A 60 42.00 0.10
A 50 43.03 0.19
A 40 46.00 0.00
A 30 184.00 0.00
A 20 184.00 0.20
A 10 186.00 0.03
A 0 22.00 0.20
A -10 196.00 0.60
A -20 16.00 0.00
A -30 16.83 0.20
A -40 14.00 0.20
A -50 12.00 0.00
A -60 14.00 0.00
A -70 101.97 0.01
T -10
A -70 165.00 5.80
A -60 14.00 0.00
A -50 14.00 0.00
A -40 14.00 0.00
A -30 14.00 0.00
A -20 12.00 0.19
A -10 210.24 0.40
A 0 191.97 1.41
A 10 26.00 0.20
A 20 187.79 0.07
A 30 184.00 0.14
A 40 184.00 0.00
A 50 46.00 0.00
A 60 42.00 0.20
A 70 42.00 0.00
T 45
A 70 90.00 0.00
A 60 135.72 7.88
A 50 44.00 0.00
A 40 40.00 0.20
A 30 40.00 0.00
A 20 40.41 0.20
A 10 44.00 0.00
A 0 184.00 0.40
A -10 184.00 0.00
A -20 184.69 0.20
A -30 186.00 0.20
A -40 20.00 0.00
A -50 22.00 0.00
A -60 14.00 0.00
A -70 14.00 0.20
T 45
A -70 186.00 0.00
A -60 186.00 0.00
A -50 184.00 0.00
A -40 43.72 0.20
A -30 40.00 0.00
A -20 38.00 0.00
A -10 39.86 0.01
A 0 40.00 0.14
A 10 43.03 0.20
A 20 50.00 0.00
A 30 90.00 0.03
A 40 86.00 0.00
A 50 84.00 0.00
A 60 84.00 0.00
A 70 16.00 0.12
M 2
A 70 82.00 6.80
A 60 82.00 0.00
A 50 82.00 0.00
A 40 84.00 0.00
A 30 88.00 0.00
A 20 158.00 0.00
A 10 42.00 0.19
A 0 38.00 0.00
A -10 36.00 0.10
A -20 34.00 0.00
A -30 36.00 0.00
A -40 38.00 0.02
A -50 172.00 1.20
A -60 182.00 0.00
A -70 195.48 1.44
M 2
A -70 181.00 0.20
A -60 178.00 0.20
A -50 41.00 0.40
A -40 32.00 0.00
A -30 30.00 0.16
A -20 30.00 0.00
A -10 30.00 0.00
A 0 34.00 0.00
A 10 42.00 0.00
A 20 156.00 0.20
A 30 88.00 0.00
A 40 84.00 0.00
A 50 82.00 0.00
A 60 16.00 0.12
A 70 80.00 0.00
T -70
A 70 40.00 0.20
A 60 34.00 0.00
A 50 32.76 0.20
A 40 33.59 0.09
A 30 36.00 0.00
A 20 46.17 13.40
A 10 178.00 0.20
A 0 182.45 0.20
A -10 190.00 0.59
A -20 208.00 1.00
A -30 24.00 0.20
A -40 20.00 0.00
A -50 16.00 0.00
A -60 16.00 0.00
A -70 18.00 0.00
T -20
A -70 24.00 0.12
A -60 22.00 0.00
A -50 20.00 0.00
A -40 18.00 0.00
A -30 19.66 0.20
A -20 20.00 0.00
A -10 18.86 0.20
A 0 192.69 1.00
A 10 186.00 0.20
A 20 182.00 0.00
A 30 180.00 0.00
A 40 178.00 0.00
A 50 36.00 0.00
A 60 32.00 0.00
A 70 32.00 0.15
T 0
A 70 32.00 0.00
A 60 32.00 0.00
A 50 36.00 0.00
A 40 178.00 0.20
A 30 180.00 0.06
A 20 182.00 0.00
A 10 186.00 0.00
A 0 199.00 1.00
A -10 18.00 0.20
A -20 20.00 0.00
A -30 20.00 0.00
A -40 18.00 0.20
A -50 20.00 0.00
A -60 22.00 0.00
A -70 24.76 11.77
T 0
A -70 167.00 2.60
A -60 22.00 0.00
A -50 20.00 0.00
A -40 18.00 0.00
A -30 20.00 0.00
A -20 20.00 0.20
A -10 19.38 0.20
A 0 188.34 2.60
A 10 186.00 0.20
A 20 184.00 0.00
A 30 180.00 0.00
A 40 178.00 0.00
A 50 36.00 0.14
A 60 33.66 0.17
A 70 33.83 0.05
T 0
A 70 32.00 0.00
A 60 32.00 0.00
A 50 36.00 0.00
A 40 178.00 1.19
A 30 180.00 0.20
A 20 182.76 0.20
A 10 188.00 0.20
A 0 189.00 1.30
A -10 18.45 0.00
A -20 20.00 0.00
A -30 20.00 0.00
A -40 18.00 0.00
A -50 20.00 0.00
A -60 22.00 0.00
A -70 21.86 0.20
T 0
A -70 24.00 0.22
A -60 22.00 0.00
A -50 20.00 0.12
A -40 18.00 0.00
A -30 20.00 0.00
A -20 21.24 0.12
A -10 18.52 0.20
A 0 195.00 2.00
A 10 186.24 0.20
A 20 182.38 0.20
A 30 180.00 0.00
A 40 178.00 0.19
A 50 36.00 0.06
A 60 33.66 0.20
A 70 32.00 0.20
T 45
A 70 88.00 0.00
A 60 162.00 0.25
A 50 38.00 0.00
A 40 32.00 0.00
A 30 32.00 0.00
A 20 32.00 0.11
A 10 34.00 0.00
A 0 36.00 0.08
A -10 178.00 0.20
A -20 180.00 0.00
A -30 186.00 0.80
A -40 193.00 1.40
A -50 22.38 0.00
A -60 22.00 0.00
A -70 18.00 0.00
M 2
A -70 18.00 0.20
A -60 20.00 0.15
A -50 24.00 0.00
A -40 194.00 1.00
A -30 183.00 0.86
A -20 176.00 0.06
A -10 174.00 0.00
A 0 158.00 0.20
A 10 30.00 0.14
A 20 28.00 0.00
A 30 26.00 0.19
A 40 30.00 0.00
A 50 32.00 0.00
A 60 157.83 0.20
A 70 90.00 0.14
T -40
A 70 30.00 0.00
A 60 30.00 0.00
A 50 32.00 0.00
A 40 36.00 0.00
A 30 176.00 0.00
A 20 178.03 0.20
A 10 136.00 4.60
A 0 185.00 2.20
A -10 24.00 0.00
A -20 18.00 0.32
A -30 20.00 0.20
A -40 18.00 0.00
A -50 18.00 0.00
A -60 22.00 0.01
A -70 20.00 0.20
T 0
A -70 19.00 0.20
A -60 22.00 0.00
A -50 20.00 0.00
A -40 18.00 0.00
A -30 21.79 0.12
A -20 20.14 0.06
A -10 22.00 0.14
A 0 186.52 0.20
A 10 180.00 4.41
A 20 178.00 0.20
A 30 176.00 0.01
A 40 36.97 0.20
A 50 32.00 0.06
A 60 30.00 0.20
A 70 30.00 0.00
T 0
A 70 30.00 0.00
A 60 30.00 0.00
A 50 32.00 0.06
A 40 36.00 0.00
A 30 176.00 0.00
A 20 177.97 0.20
A 10 181.07 0.20
A 0 183.00 5.60
A -10 22.00 0.00
A -20 20.00 0.00
A -30 21.93 0.20
A -40 18.00 0.20
A -50 18.00 0.00
A -60 21.72 0.20
A -70 20.00 0.01
T 0
A -70 18.45 0.20
A -60 22.00 0.20
A -50 20.00 0.00
A -40 18.00 0.00
A -30 20.00 0.20
A -20 20.00 0.00
A -10 23.72 0.40
A 0 186.00 1.00
A 10 180.00 4.80
A 20 178.00 0.00
A 30 176.00 0.00
A 40 38.00 0.20
A 50 32.00 0.11
A 60 30.00 0.00
A 70 30.00 0.00
T 0
A 70 30.00 0.00
A 60 30.00 0.00
A 50 32.00 0.11
A 40 36.00 0.00
A 30 176.00 0.10
A 20 178.00 0.14
A 10 182.00 0.12
A 0 186.00 0.23
A -10 22.00 0.20
A -20 20.00 0.00
A -30 20.00 0.20
A -40 18.00 0.20
A -50 18.00 0.00
A -60 22.00 0.20
A -70 20.00 0.03
T 0
A -70 20.00 0.00
A -60 22.00 0.00
A -50 19.72 0.20
A -40 18.00 0.00
A -30 20.00 0.20
A -20 20.00 0.00
A -10 26.00 0.20
A 0 191.52 1.60
A 10 180.55 0.20
A 20 178.00 0.20
A 30 174.00 0.20
A 40 36.00 0.00
A 50 32.28 0.11
A 60 30.00 0.00
A 70 30.00 0.00
T 45
A 70 87.00 0.20
A 60 158.00 0.12
A 50 156.00 0.00
A 40 31.79 0.04
A 30 26.00 0.00
A 20 26.00 0.00
A 10 27.79 0.20
A 0 30.00 0.00
A -10 169.03 1.80
A -20 174.00 0.00
A -30 177.00 0.20
A -40 192.00 0.39
A -50 30.00 0.00
A -60 20.00 0.20
A -70 22.00 0.20
M 2
A -70 22.00 0.00
A -60 20.00 0.11
A -50 182.00 1.80
A -40 194.66 0.20
A -30 172.00 0.15
A -20 172.00 0.20
A -10 170.00 0.00
A 0 30.00 0.00
A 10 26.00 0.00
A 20 24.00 0.10
A 30 25.62 0.20
A 40 24.00 0.00
A 50 36.00 0.14
A 60 153.38 0.23
A 70 90.10 0.20
T -40
A 70 24.00 0.00
A 60 26.00 0.00
A 50 28.00 0.20
A 40 29.52 0.20
A 30 170.00 0.00
A 20 172.00 0.40
A 10 178.03 0.80
A 0 178.00 5.60
A -10 25.00 0.60
A -20 26.00 0.20
A -30 18.00 0.20
A -40 18.00 0.20
A -50 20.00 0.03
A -60 16.48 0.20
A -70 20.00 0.00
T 10
A -70 20.00 0.00
A -60 18.00 0.00
A -50 18.00 0.00
A -40 22.00 0.00
A -30 22.00 0.20
A -20 192.00 0.80
A -10 188.00 0.00
A 0 174.00 0.00
A 10 172.00 0.20
A 20 170.00 0.00
A 30 32.00 0.00
A 40 26.00 0.00
A 50 24.00 0.00
A 60 26.00 0.00
A 70 26.00 0.17
T -20
A 70 24.62 0.20
A 60 24.00 0.00
A 50 31.93 0.20
A 40 170.00 0.00
A 30 172.00 0.00
A 20 176.07 1.00
A 10 128.00 5.80
A 0 197.52 1.60
A -10 20.00 0.00
A -20 20.00 0.00
A -30 20.00 0.19
A -40 20.00 0.00
A -50 22.00 0.01
A -60 19.45 0.20
A -70 133.97 0.76
T 0
A -70 137.00 0.20
A -60 18.59 0.20
A -50 22.00 0.20
A -40 20.00 0.00
A -30 21.90 0.08
A -20 20.00 0.00
A -10 20.00 0.00
A 0 194.00 1.08
A 10 181.00 6.00
A 20 185.83 0.80
A 30 172.00 0.00
A 40 170.00 0.20
A 50 32.00 0.10
A 60 24.00 0.00
A 70 24.00 0.00
T 0
A 70 25.79 0.20
A 60 24.00 0.00
A 50 30.00 0.20
A 40 170.00 0.08
A 30 172.00 0.00
A 20 176.00 0.11
A 10 181.00 1.20
A 0 198.00 0.78
A -10 20.00 0.00
A -20 20.00 0.00
A -30 20.00 0.00
A -40 20.00 0.00
A -50 22.00 0.20
A -60 20.00 0.20
A -70 136.21 0.17
T 0
A -70 136.00 0.20
A -60 18.00 0.09
A -50 22.00 0.20
A -40 20.00 0.00
A -30 21.17 0.18
A -20 20.00 0.00
A -10 20.00 0.00
A 0 192.00 0.40
A 10 185.00 0.20
A 20 176.00 0.00
A 30 172.00 0.00
A 40 170.00 0.13
A 50 32.00 0.00
A 60 25.52 0.13
A 70 24.00 0.18
T 45
A 70 92.34 0.20
A 60 69.00 8.30
A 50 26.00 0.00
A 40 24.69 0.20
A 30 26.00 0.00
A 20 26.00 0.00
A 10 28.00 0.00
A 0 31.00 0.20
A -10 170.00 0.00
A -20 172.00 0.10
A -30 174.00 0.20
A -40 194.00 0.20
A -50 20.00 0.00
A -60 22.00 0.10
A -70 20.34 0.20
T 45
A -70 172.76 0.20
A -60 172.00 0.00
A -50 170.00 0.00
A -40 26.00 0.00
A -30 24.00 0.00
A -20 24.00 0.20
A -10 24.00 0.00
A 0 24.00 0.00
A 10 32.00 0.20
A 20 33.28 11.74
A 30 44.69 0.22
A 40 86.00 0.03
A 50 82.00 0.05
A 60 16.00 6.40
A 70 80.00 0.00
T 45
A 70 10.24 0.12
A 60 9.00 0.20
A 50 50.55 7.18
A 40 82.00 0.00
A 30 80.00 0.00
A 20 80.00 0.00
A 10 80.00 0.20
A 0 82.00 0.00
A -10 84.00 0.20
A -20 152.00 0.00
A -30 38.00 0.02
A -40 26.03 0.10
A -50 26.00 0.00
A -60 26.00 0.00
A -70 25.62 0.20
M 2
A -70 22.00 0.00
A -60 20.00 0.14
A -50 24.00 0.00
A -40 24.00 0.00
A -30 34.00 0.00
A -20 38.00 0.00
A -10 86.00 0.03
A 0 78.00 0.00
A 10 76.14 0.20
A 20 76.00 0.00
A 30 76.00 0.00
A 40 77.00 0.05
A 50 82.00 0.20
A 60 96.00 0.03
A 70 92.00 0.00
T 60
A 70 94.38 0.20
A 60 90.00 0.00
A 50 90.00 0.01
A 40 88.00 0.00
A 30 88.00 0.00
A 20 90.00 0.01
A 10 90.00 0.00
A 0 92.00 0.00
A -10 84.00 0.01
A -20 80.00 0.00
A -30 78.00 0.00
A -40 78.00 0.00
A -50 78.00 0.00
A -60 82.00 0.09
A -70 168.00 0.81
M 2
A -70 150.00 0.20
A -60 80.00 0.20
A -50 76.00 0.00
A -40 76.00 0.20
A -30 76.00 0.00
A -20 78.00 0.20
A -10 80.00 0.00
A 0 127.52 0.20
A 10 88.00 0.00
A 20 86.00 0.09
A 30 84.97 0.20
A 40 84.00 0.00
A 50 86.00 0.03
A 60 87.93 0.01
A 70 92.00 0.00
M 2
A 70 91.00 0.20
A 60 85.83 0.20
A 50 84.00 0.00
A 40 82.00 0.12
A 30 84.00 0.01
A 20 84.00 0.00
A 10 86.00 0.13
A 0 88.00 0.01
A -10 124.28 0.20
A -20 75.38 0.20
A -30 74.00 0.00
A -40 72.00 0.00
A -50 80.00 0.00
A -60 84.00 0.12
A -70 144.00 0.40
M 2
A -70 142.00 0.09
A -60 81.76 0.40
A -50 70.00 0.08
A -40 68.00 0.00
A -30 68.00 0.00
A -20 80.00 0.00
A -10 142.00 0.34
A 0 86.00 0.09
A 10 82.00 0.00
A 20 80.00 0.00
A 30 80.00 0.00
A 40 80.00 0.20
A 50 80.00 0.00
A 60 82.00 0.00
A 70 104.62 0.40
M 2
A 70 88.00 0.20
A 60 80.00 0.00
A 50 78.00 0.20
A 40 76.00 0.08
A 30 76.00 0.00
A 20 77.97 0.20
A 10 80.00 0.20
A 0 154.00 0.00
A -10 156.00 0.00
A -20 72.21 0.20
A -30 67.10 0.20
A -40 64.14 0.18
A -50 64.00 0.00
A -60 68.00 0.20
A -70 152.00 0.20
M 2
A -70 138.79 0.20
A -60 68.00 0.40
A -50 62.00 0.20
A -40 62.00 0.13
A -30 70.00 0.00
A -20 74.00 0.12
A -10 118.00 0.03
A 0 150.00 0.20
A 10 148.00 2.40
A 20 76.00 0.00
A 30 72.00 0.11
A 40 72.00 0.00
A 50 74.00 0.03
A 60 78.21 0.63
A 70 86.00 0.20
M 2
A 70 84.00 0.00
A 60 75.00 0.18
A 50 70.00 0.00
A 40 70.00 0.05
A 30 70.00 0.00
A 20 70.00 0.00
A 10 78.10 0.20
A 0 144.69 0.00
A -10 110.00 0.29
A -20 112.41 3.60
A -30 70.00 0.00
A -40 62.00 0.20
A -50 60.00 0.00
A -60 62.00 0.20
A -70 72.14 0.20
M 2
A -70 64.34 0.20
A -60 60.00 0.00
A -50 60.00 0.00
A -40 60.00 0.00
A -30 64.00 0.00
A -20 71.90 0.40
A -10 112.00 0.08
A 0 142.00 0.00
A 10 70.00 0.00
A 20 68.00 0.00
A 30 66.00 0.10
A 40 66.00 0.00
A 50 66.00 0.00
A 60 68.00 0.03
A 70 78.17 0.10
M 2
A 70 72.00 0.20
A 60 64.90 0.20
A 50 64.00 0.00
A 40 62.00 0.00
A 30 62.00 0.00
A 20 62.00 0.17
A 10 65.93 0.20
A 0 136.00 0.10
A -10 138.00 0.12
A -20 138.00 1.40
A -30 64.00 0.12
A -40 59.45 0.18
A -50 56.90 0.20
A -60 56.00 0.18
A -70 59.45 0.20
M 2
A -70 56.00 0.00
A -60 55.45 0.20
A -50 56.00 0.00
A -40 56.00 0.00
A -30 60.76 0.00
A -20 70.38 0.40
A -10 110.00 0.08
A 0 68.00 0.10
A 10 62.00 0.00
A 20 60.00 0.03
A 30 58.00 0.20
A 40 58.00 0.00
A 50 58.38 0.20
A 60 60.00 0.00
A 70 68.00 0.20
M 2
A 70 64.00 0.20
A 60 58.10 0.20
A 50 56.00 0.07
A 40 56.00 0.00
A 30 56.00 0.20
A 20 56.00 0.00
A 10 58.00 0.00
A 0 64.00 0.20
A -10 104.00 0.00
A -20 113.14 1.38
A -30 61.00 0.20
A -40 56.00 0.06
A -50 54.00 0.01
A -60 53.93 0.01
A -70 54.00 0.00
M 2
A -70 50.00 0.20
A -60 52.00 0.20
A -50 52.00 0.15
A -40 53.93 0.20
A -30 60.00 0.20
A -20 132.00 0.20
A -10 126.00 0.06
A 0 104.00 0.40
A 10 56.00 0.00
A 20 54.00 0.00
A 30 52.00 0.00
A 40 52.00 0.00
A 50 53.31 0.20
A 60 54.00 0.20
A 70 75.93 0.11
M 2
A 70 74.00 0.00
A 60 66.00 2.20
A 50 50.00 0.00
A 40 48.00 0.00
A 30 50.00 0.01
A 20 50.00 0.00
A 10 118.79 0.20
A 0 102.00 0.40
A -10 121.72 0.20
A -20 124.00 0.00
A -30 142.00 0.40
A -40 54.00 0.05
A -50 50.00 0.00
A -60 50.00 0.00
A -70 50.00 0.00
M 2
A -70 49.97 0.03
A -60 50.00 0.06
A -50 50.00 0.00
A -40 54.00 0.00
A -30 97.00 3.92
A -20 118.00 0.20
A -10 118.00 0.00
A 0 117.00 0.20
A 10 50.00 0.20
A 20 46.00 0.17
A 30 46.00 0.00
A 40 46.00 0.00
A 50 46.00 0.00
A 60 48.00 0.00
A 70 56.00 0.00
M 2
A 70 50.45 0.17
A 60 44.00 0.20
A 50 42.00 0.20
A 40 42.00 0.00
A 30 42.00 0.00
A 20 44.00 0.00
A 10 46.00 0.16
A 0 113.00 5.80
A -10 116.00 0.20
A -20 116.00 0.12
A -30 103.86 0.20
A -40 53.97 0.01
A -50 50.00 0.20
A -60 48.00 0.00
A -70 48.00 0.00
M 2
A -70 46.00 0.00
A -60 47.86 0.20
A -50 48.21 0.20
A -40 58.34 0.23
A -30 100.97 0.20
A -20 90.00 0.00
A -10 110.00 1.19
A 0 109.79 0.02
A 10 44.00 0.00
A 20 40.00 0.00
A 30 38.00 0.00
A 40 39.86 0.01
A 50 40.00 0.00
A 60 42.00 0.00
A 70 74.00 0.14
M 2
A 70 76.00 0.00
A 60 40.00 0.00
A 50 36.00 0.00
A 40 36.00 0.00
A 30 36.00 0.00
A 20 36.00 0.00
A 10 38.00 0.19
A 0 106.00 0.00
A -10 88.00 0.00
A -20 110.00 0.20
A -30 102.00 0.46
A -40 57.00 3.20
A -50 48.90 0.20
A -60 46.00 0.14
A -70 44.00 0.20
M 2
A -70 46.00 0.00
A -60 46.00 0.00
A -50 50.00 0.05
A -40 90.00 0.09
A -30 97.00 0.26
A -20 106.86 0.20
A -10 104.00 0.00
A 0 102.00 0.00
A 10 36.00 0.04
A 20 32.00 0.00
A 30 32.00 0.00
A 40 32.00 0.00
A 50 32.00 0.00
A 60 34.00 0.00
A 70 41.00 0.20
M 2
A 70 76.00 0.00
A 60 34.00 0.19
A 50 28.62 0.20
A 40 29.90 0.20
A 30 29.41 0.20
A 20 29.97 0.20
A 10 30.00 0.00
A 0 98.00 0.00
A -10 100.00 0.00
A -20 102.00 0.14
A -30 105.21 1.20
A -40 88.00 0.20
A -50 54.00 0.00
A -60 48.00 0.20
A -70 46.00 0.00
M 2
A -70 46.00 0.00
A -60 48.00 0.00
A -50 56.00 0.20
A -40 88.00 0.20
A -30 121.90 0.20
A -20 100.00 0.00
A -10 94.00 0.00
A 0 93.97 0.20
A 10 28.00 0.12
A 20 26.00 0.00
A 30 26.00 0.00
A 40 26.00 0.00
A 50 26.00 0.02
A 60 26.00 0.20
A 70 30.00 0.20
M 2
A 70 25.83 0.20
A 60 26.00 0.00
A 50 20.76 0.00
A 40 22.00 0.00
A 30 22.00 0.00
A 20 20.00 0.00
A 10 25.97 0.20
A 0 92.00 0.06
A -10 94.00 0.10
A -20 100.00 0.20
A -30 142.00 2.60
A -40 92.00 0.60
A -50 86.00 0.00
A -60 52.00 0.00
A -70 47.00 0.20
T -30
A -70 44.97 0.20
A -60 44.00 0.00
A -50 44.00 0.08
A -40 46.00 0.00
A -30 55.00 0.20
A -20 84.00 0.00
A -10 89.00 0.40
A 0 106.59 0.34
A 10 98.00 0.00
A 20 91.38 0.20
A 30 90.00 0.00
A 40 24.00 0.00
A 50 24.00 0.00
A 60 24.00 0.03
A 70 24.00 0.00
T 0
A 70 22.00 0.20
A 60 23.93 0.04
A 50 24.00 0.00
A 40 24.00 0.00
A 30 90.00 0.00
A 20 90.59 0.20
A 10 96.62 0.20
A 0 107.00 0.40
A -10 90.00 0.20
A -20 84.28 0.20
A -30 54.31 0.20
A -40 46.00 0.00
A -50 44.00 0.08
A -60 44.00 0.00
A -70 44.00 0.00
T 0
A -70 44.00 0.20
A -60 44.00 0.00
A -50 44.00 0.00
A -40 46.00 0.00
A -30 54.00 0.00
A -20 84.00 0.15
A -10 90.00 0.20
A 0 107.00 0.30
A 10 98.00 0.20
A 20 90.31 0.20
A 30 90.00 0.00
A 40 24.00 0.00
A 50 24.00 0.00
A 60 24.00 0.00
A 70 23.86 0.20
T 0
A 70 22.00 0.15
A 60 24.00 0.01
A 50 24.00 0.00
A 40 24.00 0.00
A 30 90.00 0.00
A 20 90.00 0.13
A 10 98.00 0.09
A 0 106.00 0.00
A -10 90.00 0.00
A -20 84.00 0.00
A -30 54.00 0.00
A -40 46.00 0.00
A -50 44.00 0.00
A -60 44.00 0.00
A -70 45.69 0.20
T 0
A -70 46.00 0.00
A -60 44.00 0.00
A -50 44.00 0.00
A -40 46.00 0.10
A -30 54.00 0.00
A -20 84.00 0.00
A -10 88.00 0.20
A 0 106.00 0.13
A 10 98.00 0.00
A 20 90.45 0.20
A 30 90.00 0.00
A 40 24.00 0.00
A 50 24.00 0.00
A 60 24.00 0.03
A 70 24.00 0.11
T 0
A 70 24.00 0.08
A 60 22.00 0.17
A 50 24.00 0.00
A 40 24.00 0.00
A 30 90.00 0.00
A 20 90.00 0.14
A 10 98.00 0.20
A 0 104.00 0.20
A -10 90.00 0.00
A -20 84.00 0.00
A -30 56.00 0.00
A -40 46.00 0.20
A -50 44.00 0.17
A -60 44.00 0.00
A -70 44.00 0.17
T 45
A -70 52.00 0.17
A -60 88.00 0.20
A -50 189.00 1.40
A -40 190.00 9.40
A -30 98.00 0.01
A -20 94.00 0.00
A -10 24.00 0.11
A 0 24.00 0.06
A 10 22.00 0.00
A 20 22.00 0.00
A 30 22.00 0.00
A 40 22.00 0.00
A 50 22.00 0.12
A 60 30.00 0.43
A 70 74.00 0.00
T 45
A 70 68.00 0.20
A 60 66.00 0.00
A 50 68.00 0.00
A 40 70.00 0.00
A 30 72.00 0.00
A 20 26.00 0.00
A 10 26.00 0.12
A 0 22.00 0.00
A -10 22.00 0.00
A -20 22.00 0.00
A -30 22.00 0.00
A -40 20.00 0.00
A -50 30.00 0.10
A -60 94.00 0.00
A -70 97.24 0.20
T 45
A -70 22.00 0.00
A -60 20.00 0.00
A -50 24.00 0.00
A -40 24.00 0.00
A -30 33.24 0.54
A -20 74.00 0.00
A -10 74.00 0.00
A 0 68.00 0.00
A 10 66.00 0.00
A 20 66.00 0.00
A 30 66.00 0.00
A 40 66.17 0.10
A 50 68.00 0.00
A 60 77.83 0.20
A 70 120.00 0.00
T 45
A 70 148.34 0.20
A 60 132.00 0.23
A 50 120.69 0.20
A 40 120.00 0.00
A 30 120.00 0.07
A 20 78.00 0.40
A 10 69.24 0.20
A 0 66.00 0.00
A -10 66.00 0.00
A -20 64.00 0.11
A -30 66.00 0.00
A -40 68.00 0.00
A -50 74.00 0.00
A -60 74.00 0.20
A -70 74.00 0.20
M 2
A -70 34.00 0.00
A -60 72.00 0.03
A -50 72.00 0.00
A -40 66.00 0.01
A -30 62.00 0.00
A -20 62.00 0.00
A -10 62.00 0.20
A 0 64.00 0.01
A 10 66.00 0.00
A 20 117.00 0.20
A 30 116.00 0.20
A 40 114.00 0.00
A 50 114.00 0.00
A 60 122.48 0.59
A 70 128.00 0.00
M 2