A 20 93.38 0.20
A 30 94.00 0.00
A 40 98.00 0.00
A 50 168.00 0.80
A 60 76.00 0.07
A 70 74.00 0.00
M 2
A 70 70.00 0.09
A 60 68.00 0.00
A 50 164.00 0.15
A 40 94.00 0.06
A 30 90.00 0.00
A 20 90.00 0.01
A 10 88.76 0.20
A 0 84.00 0.00
A -10 94.00 0.00
A -20 78.00 0.20
A -30 74.00 0.00
A -40 74.00 0.00
A -50 74.00 0.00
A -60 78.00 0.03
A -70 70.00 0.13
M 2
A -70 67.03 0.00
A -60 72.00 0.10
A -50 72.00 0.18
A -40 73.79 0.00
A -30 72.00 0.00
A -20 74.00 0.20
A -10 74.00 0.00
A 0 86.00 0.00
A 10 84.00 0.18
A 20 84.00 0.00
A 30 86.00 0.00
A 40 88.00 0.00
A 50 160.00 0.00
A 60 170.00 0.00
A 70 67.72 0.30
M 2
A 70 58.00 0.05
A 60 167.79 0.26
A 50 182.00 1.80
A 40 84.00 0.00
A 30 83.59 0.08
A 20 80.00 0.00
A 10 82.00 0.00
A 0 74.00 0.02
A -10 70.00 0.19
A -20 70.00 0.00
A -30 68.00 0.00
A -40 68.00 0.00
A -50 70.00 0.00
A -60 72.00 0.10
A -70 66.00 0.02
M 2
A -70 68.00 0.00
A -60 68.00 0.00
A -50 67.59 0.04
A -40 66.00 0.00
A -30 66.00 0.00
A -20 66.00 0.00
A -10 66.00 0.10
A 0 70.00 0.00
A 10 75.86 0.00
A 20 78.00 0.00
A 30 79.52 0.10
A 40 80.00 0.00
A 50 151.00 0.20
A 60 156.90 0.41
A 70 64.00 0.00
M 2
A 70 162.00 0.20
A 60 154.10 0.00
A 50 150.00 0.00
A 40 77.00 0.20
A 30 76.00 0.00
A 20 76.00 0.00
A 10 74.00 0.00
A 0 72.00 0.00
A -10 64.00 0.00
A -20 64.00 0.00
A -30 64.00 0.00
A -40 64.00 0.00
A -50 64.00 0.00
A -60 68.00 0.00
A -70 323.52 0.07
M 2
A -70 70.00 0.08
A -60 67.00 0.20
A -50 62.00 0.00
A -40 60.00 0.00
A -30 60.00 0.00
A -20 60.76 0.00
A -10 62.00 0.00
A 0 66.00 0.20
A 10 70.00 0.05
A 20 75.66 0.20
A 30 72.00 0.00
A 40 144.00 0.03
A 50 148.00 0.00
A 60 148.00 0.20
A 70 168.00 0.20
M 2
A 70 158.00 0.00
A 60 166.00 1.40
A 50 170.41 1.74
A 40 82.00 0.20
A 30 78.00 0.20
A 20 70.00 0.09
A 10 64.62 0.15
A 0 63.17 0.15
A -10 57.66 0.00
A -20 56.00 0.17
A -30 56.00 0.00
A -40 58.00 0.02
A -50 62.00 0.00
A -60 70.00 0.00
A -70 68.00 0.00
M 2
A -70 64.00 0.00
A -60 58.00 0.00
A -50 55.45 0.20
A -40 54.00 0.00
A -30 54.00 0.00
A -20 54.00 0.00
A -10 54.00 0.00
A 0 56.00 0.00
A 10 59.86 0.20
A 20 66.00 0.00
A 30 66.00 0.00
A 40 72.00 0.00
A 50 176.00 0.00
A 60 158.00 0.12
A 70 158.00 0.20
M 2
A 70 156.00 0.00
A 60 160.00 0.00
A 50 98.00 0.12
A 40 64.00 0.00
A 30 60.00 0.00
A 20 60.83 0.18
A 10 76.00 0.00
A 0 54.00 0.00
A -10 50.00 0.09
A -20 50.00 0.00
A -30 50.00 0.00
A -40 50.00 0.00
A -50 52.00 0.00
A -60 58.00 0.06
A -70 62.00 0.00
M 2
A -70 63.66 0.20
A -60 52.00 0.00
A -50 48.00 0.20
A -40 46.00 0.14
A -30 46.00 0.00
A -20 46.00 0.00
A -10 48.00 0.00
A 0 52.00 0.06
A 10 55.86 0.20
A 20 54.66 0.00
A 30 56.00 0.00
A 40 58.00 0.00
A 50 102.00 0.20
A 60 171.17 0.20
A 70 161.00 1.20
M 2
A 70 172.00 0.00
A 60 172.00 1.93
A 50 111.93 5.23
A 40 56.00 0.00
A 30 54.00 0.00
A 20 52.00 0.00
A 10 48.00 0.00
A 0 59.00 0.20
A -10 45.97 0.20
A -20 44.00 0.00
A -30 44.00 0.00
A -40 44.00 0.00
A -50 46.00 0.00
A -60 53.38 0.20
A -70 68.76 0.15
M 2
A -70 60.00 0.00
A -60 50.38 0.17
A -50 42.62 0.20
A -40 40.00 0.00
A -30 40.00 0.00
A -20 40.00 0.00
A -10 40.00 0.00
A 0 42.00 0.00
A 10 44.00 0.00
A 20 46.00 0.00
A 30 53.90 0.02
A 40 185.62 0.32
A 50 180.00 0.08
A 60 159.00 0.20
A 70 168.00 0.00
M 2
A 70 158.00 0.00
A 60 135.00 2.20
A 50 163.00 4.00
A 40 152.00 0.20
A 30 44.76 0.20
A 20 43.93 0.20
A 10 42.00 0.00
A 0 36.00 0.00
A -10 36.00 0.00
A -20 36.00 0.00
A -30 36.00 0.00
A -40 36.00 0.00
A -50 38.00 0.00
A -60 56.00 0.00
A -70 52.00 0.20
M 2
A -70 46.00 0.00
A -60 44.00 0.00
A -50 35.86 0.01
A -40 32.00 0.18
A -30 31.79 0.20
A -20 32.00 0.00
A -10 32.00 0.00
A 0 34.00 0.00
A 10 36.00 0.00
A 20 48.00 0.00
A 30 40.00 0.00
A 40 45.93 0.09
A 50 142.00 0.00
A 60 125.97 0.40
A 70 172.00 2.00
M 2
A 70 148.00 0.00
A 60 147.00 4.40
A 50 148.00 0.03
A 40 141.52 0.20
A 30 37.10 0.11
A 20 35.93 0.20
A 10 30.00 0.00
A 0 31.31 0.00
A -10 28.00 0.00
A -20 30.00 0.00
A -30 30.00 0.00
A -40 32.00 0.10
A -50 30.00 0.00
A -60 38.00 0.00
A -70 46.00 0.00
M 2
A -70 40.00 0.00
A -60 46.00 0.20
A -50 30.00 0.00
A -40 26.00 0.00
A -30 25.97 0.20
A -20 24.00 0.00
A -10 24.00 0.00
A 0 24.00 0.10
A 10 29.10 0.20
A 20 30.00 0.00
A 30 36.00 0.00
A 40 35.31 0.07
A 50 128.00 0.11
A 60 139.17 0.20
A 70 174.00 0.20
T 60
A 70 64.00 0.00
A 60 64.00 0.00
A 50 66.00 0.20
A 40 70.00 0.00
A 30 167.00 0.19
A 20 171.00 1.00
A 10 170.00 0.14
A 0 100.97 0.07
A -10 153.62 0.20
A -20 35.00 0.20
A -30 32.00 0.00
A -40 30.00 0.00
A -50 30.00 0.00
A -60 26.00 0.05
A -70 26.00 0.00
M 2
A -70 26.00 0.05
A -60 24.00 0.15
A -50 24.00 0.00
A -40 26.00 0.09
A -30 28.00 0.00
A -20 28.55 0.00
A -10 98.00 0.00
A 0 98.00 0.02
A 10 138.00 0.00
A 20 164.00 0.00
A 30 168.00 0.06
A 40 74.00 0.00
A 50 68.00 0.00
A 60 70.00 0.00
A 70 66.00 0.01
T 10
A 70 64.00 0.00
A 60 62.00 0.02
A 50 70.00 0.00
A 40 68.00 0.00
A 30 72.00 0.07
A 20 162.00 0.00
A 10 160.00 0.00
A 0 142.00 0.02
A -10 98.21 0.02
A -20 36.00 0.17
A -30 32.00 0.00
A -40 27.59 0.19
A -50 26.00 0.00
A -60 26.00 0.10
A -70 26.00 0.20
M 2
A -70 26.00 0.00
A -60 26.00 0.00
A -50 26.00 0.00
A -40 34.41 0.40
A -30 176.00 0.20
A -20 87.00 0.08
A -10 136.76 4.40
A 0 112.14 0.00
A 10 155.79 0.20
A 20 154.00 0.08
A 30 156.00 0.00
A 40 66.10 0.20
A 50 60.00 0.00
A 60 60.00 0.00
A 70 64.00 0.00
M 2
A 70 58.00 0.00
A 60 55.31 0.20
A 50 56.00 0.00
A 40 72.00 0.00
A 30 79.86 0.20
A 20 152.76 0.20
A 10 150.00 0.00
A 0 131.00 2.00
A -10 128.00 0.00
A -20 145.24 0.60
A -30 64.00 0.10
A -40 40.14 0.03
A -50 30.00 0.00
A -60 26.00 0.02
A -70 26.00 0.00
M 2
A -70 26.00 0.00
A -60 23.79 0.20
A -50 24.55 0.20
A -40 34.93 0.20
A -30 177.00 1.20
A -20 152.00 0.00
A -10 148.00 0.25
A 0 130.00 0.40
A 10 129.66 0.20
A 20 148.00 0.15
A 30 79.45 0.20
A 40 71.86 0.20
A 50 64.00 0.00
A 60 54.00 0.20
A 70 52.00 0.00
T -20
A 70 57.97 0.20
A 60 68.00 0.00
A 50 78.00 0.20
A 40 148.00 0.00
A 30 128.00 0.20
A 20 148.00 0.00
A 10 152.00 0.20
A 0 171.72 0.40
A -10 154.00 0.03
A -20 30.00 0.06
A -30 26.00 0.00
A -40 24.00 0.06
A -50 22.00 0.00
A -60 26.00 0.01
A -70 30.00 0.00
T -10
A -70 32.00 0.00
A -60 28.00 0.00
A -50 33.90 0.20
A -40 160.00 12.00
A -30 24.00 0.00
A -20 24.00 0.00
A -10 32.00 0.04
A 0 178.00 0.00
A 10 146.00 0.10
A 20 154.00 0.20
A 30 150.00 0.00
A 40 148.00 0.00
A 50 148.00 0.10
A 60 78.00 0.00
A 70 64.00 0.10
T 20
A 70 54.00 0.00
A 60 61.90 0.02
A 50 70.00 0.05
A 40 80.00 0.20
A 30 154.00 0.38
A 20 130.00 0.40
A 10 148.00 0.00
A 0 158.00 0.20
A -10 162.00 0.01
A -20 152.00 0.00
A -30 180.00 0.00
A -40 22.72 0.20
A -50 26.00 0.20
A -60 30.76 0.28
A -70 158.00 0.00
T -70
A -70 59.00 0.20
A -60 40.00 0.00
A -50 40.00 0.00
A -40 38.14 0.02
A -30 36.00 0.00
A -20 32.00 0.00
A -10 32.00 0.00
A 0 24.00 0.00
A 10 24.00 0.00
A 20 24.00 0.04
A 30 30.00 0.00
A 40 26.00 0.10
A 50 68.00 0.00
A 60 68.00 0.00
A 70 146.00 0.80
T 70
A 70 56.00 0.15
A 60 60.00 0.00
A 50 70.00 0.09
A 40 78.00 0.00
A 30 154.00 0.00
A 20 128.00 0.20
A 10 147.86 0.20
A 0 158.00 0.20
A -10 160.00 0.15
A -20 152.00 0.00
A -30 180.00 0.00
A -40 23.86 0.04
A -50 26.00 0.02
A -60 30.00 0.00
A -70 158.00 0.00
T -70
A -70 58.00 0.00
A -60 40.00 0.00
A -50 38.00 0.00
A -40 38.00 0.00
A -30 36.00 0.00
A -20 34.17 0.03
A -10 36.00 0.00
A 0 24.00 0.00
A 10 24.00 0.00
A 20 24.00 0.00
A 30 30.00 0.00
A 40 26.00 0.19
A 50 66.00 0.00
A 60 66.00 0.13
A 70 148.00 2.00
T 45
A 70 71.31 0.00
A 60 80.07 0.40
A 50 150.00 0.10
A 40 150.00 0.00
A 30 152.00 0.00
A 20 149.03 0.80
A 10 180.00 0.04
A 0 50.00 0.00
A -10 24.00 0.00
A -20 24.00 0.00
A -30 28.00 0.00
A -40 30.00 0.00
A -50 30.00 0.02
A -60 26.38 0.00
A -70 43.86 0.01
T 45
A -70 26.00 0.00
A -60 26.00 0.00
A -50 30.00 0.06
A -40 50.00 0.20
A -30 164.00 0.08
A -20 150.00 0.20
A -10 124.00 0.14
A 0 148.00 0.00
A 10 148.00 0.20
A 20 80.00 0.20
A 30 70.00 0.00
A 40 60.00 0.20
A 50 58.00 0.02
A 60 52.00 0.14
A 70 52.00 0.00
M 2
A 70 140.00 0.17
A 60 138.00 0.00
A 50 78.00 0.23
A 40 69.00 0.20
A 30 66.00 0.00
A 20 146.00 0.00
A 10 146.00 0.20
A 0 128.48 1.40
A -10 144.00 1.80
A -20 70.00 0.13
A -30 64.97 0.20
A -40 152.00 2.60
A -50 30.00 0.00
A -60 26.00 0.05
A -70 26.00 0.00
M 2
A -70 28.00 0.10
A -60 30.00 0.02
A -50 34.00 0.00
A -40 138.00 0.20
A -30 138.00 0.20
A -20 122.00 0.20
A -10 120.00 0.00
A 0 138.38 0.20
A 10 138.00 0.20
A 20 140.00 0.12
A 30 64.00 0.20
A 40 56.00 0.00
A 50 50.00 0.00
A 60 50.00 0.00
A 70 48.00 0.00
M 2
A 70 44.00 0.00
A 60 50.00 0.00
A 50 54.00 0.20
A 40 132.69 0.14
A 30 138.00 0.00
A 20 140.00 0.20
A 10 134.00 0.19
A 0 122.00 0.00
A -10 122.00 0.00
A -20 122.00 0.02
A -30 58.00 0.00
A -40 53.93 0.01
A -50 43.00 0.21
A -60 30.00 0.00
A -70 28.00 0.06
M 2
A -70 26.00 0.00
A -60 38.00 0.00
A -50 34.00 0.00
A -40 44.00 0.00
A -30 89.34 0.40
A -20 86.00 0.00
A -10 118.00 0.00
A 0 118.79 0.20
A 10 131.86 0.00
A 20 134.00 0.00
A 30 132.00 0.14
A 40 130.00 0.05
A 50 55.52 0.20
A 60 50.00 0.06
A 70 44.21 0.40
M 2
A 70 46.00 0.00
A 60 46.00 0.00
A 50 48.00 0.00
A 40 130.00 0.00
A 30 132.00 0.00
A 20 130.31 0.06
A 10 128.00 0.00
A 0 126.00 0.00
A -10 114.00 0.00
A -20 99.03 0.20
A -30 98.90 2.00
A -40 42.00 0.00
A -50 36.00 0.00
A -60 34.00 0.08
A -70 27.52 0.00
M 2
A -70 30.00 0.00
A -60 34.00 0.20
A -50 40.00 0.14
A -40 50.00 0.00
A -30 52.00 0.00
A -20 114.00 0.09
A -10 122.00 0.40
A 0 122.00 0.00
A 10 124.00 0.20
A 20 130.00 0.20
A 30 128.00 0.17
A 40 130.00 0.08
A 50 44.41 0.20
A 60 44.00 0.08
A 70 44.00 0.01
M 2
A 70 46.00 0.00
A 60 42.00 0.00
A 50 43.93 0.01
A 40 52.00 0.10
A 30 126.00 0.00
A 20 126.00 0.20
A 10 122.00 0.12
A 0 120.00 0.00
A -10 118.00 0.20
A -20 118.00 3.20
A -30 122.00 0.04
A -40 46.00 0.00
A -50 44.00 0.00
A -60 44.00 0.01
A -70 32.62 0.12
M 2
A -70 32.00 0.08
A -60 36.00 0.00
A -50 40.00 0.00
A -40 44.00 0.00
A -30 52.00 2.20
A -20 74.00 0.20
A -10 106.00 0.20
A 0 114.00 0.13
A 10 118.00 0.00
A 20 122.00 0.00
A 30 124.00 0.00
A 40 122.00 0.00
A 50 42.00 0.14
A 60 40.00 0.00
A 70 40.00 0.00
M 2
A 70 40.00 0.01
A 60 38.00 0.00
A 50 43.93 0.01
A 40 120.00 0.00
A 30 118.00 0.20
A 20 120.00 0.00
A 10 116.00 0.03
A 0 110.00 0.20
A -10 110.00 0.13
A -20 70.00 0.00
A -30 66.72 0.00
A -40 72.00 0.38
A -50 70.00 0.13
A -60 122.00 0.14
A -70 34.00 0.00
M 2
A -70 35.86 0.01
A -60 38.00 0.00
A -50 46.00 0.00
A -40 46.00 0.00
A -30 64.00 0.00
A -20 92.83 0.20
A -10 104.00 0.00
A 0 114.00 0.20
A 10 118.00 0.00
A 20 118.93 0.20
A 30 115.93 0.20
A 40 114.00 0.00
A 50 116.00 0.00
A 60 44.00 0.01
A 70 40.00 0.00
M 2
A 70 36.00 0.00
A 60 38.00 0.00
A 50 112.00 0.00
A 40 112.00 0.00
A 30 112.00 0.00
A 20 116.00 0.00
A 10 110.00 0.00
A 0 138.00 0.00
A -10 110.00 0.00
A -20 76.00 0.03
A -30 61.66 0.03
A -40 46.00 0.00
A -50 40.00 0.00
A -60 36.00 0.00
A -70 34.34 0.03
M 2
A -70 34.00 0.00
A -60 36.00 0.00
A -50 38.00 0.00
A -40 44.00 0.00
A -30 64.00 0.04
A -20 115.00 0.20
A -10 143.00 0.03
A 0 104.97 0.20
A 10 104.00 0.00
A 20 118.00 0.20
A 30 108.00 0.15
A 40 110.00 0.03
A 50 110.00 0.00
A 60 40.00 0.00
A 70 38.00 0.00
M 2
A 70 80.00 0.60
A 60 43.93 0.08
A 50 106.00 0.00
A 40 106.00 0.01
A 30 104.00 0.00
A 20 108.00 0.00
A 10 97.83 0.20
A 0 98.00 0.00
A -10 90.59 1.20
A -20 142.00 0.20
A -30 56.00 0.20
A -40 44.00 0.00
A -50 38.00 0.16
A -60 38.00 0.00
A -70 34.00 0.00
M 2
A -70 34.00 0.13
A -60 37.83 0.20
A -50 40.00 0.03
A -40 46.72 0.14
A -30 58.00 0.00
A -20 66.00 0.00
A -10 68.00 0.10
A 0 90.00 0.00
A 10 91.93 0.20
A 20 94.00 0.00
A 30 100.00 0.00
A 40 102.76 0.20
A 50 104.00 0.00
A 60 104.48 0.10
A 70 38.00 0.00
M 2
A 70 38.00 0.00
A 60 104.00 0.00
A 50 102.00 0.00
A 40 100.00 0.00
A 30 102.00 0.00
A 20 92.00 0.10
A 10 88.00 0.00
A 0 86.72 0.20
A -10 70.00 0.08
A -20 58.00 0.00
A -30 52.00 0.00
A -40 52.00 0.00
A -50 44.00 0.00
A -60 36.00 0.15
A -70 36.00 0.00
M 2
A -70 35.93 0.01
A -60 38.00 0.01
A -50 66.00 0.00
A -40 50.00 0.00
A -30 52.00 0.01
A -20 57.72 0.03
A -10 78.00 0.02
A 0 82.00 0.00
A 10 86.00 0.00
A 20 92.00 0.00
A 30 100.00 0.20
A 40 98.00 0.00
A 50 100.00 0.00
A 60 100.00 0.00
A 70 110.00 0.00
M 2
A 70 110.00 0.00
A 60 100.62 0.12
A 50 99.17 0.12
A 40 92.00 0.08
A 30 92.00 0.00
A 20 90.59 0.20
A 10 91.00 0.20
A 0 92.00 0.00
A -10 92.00 0.00
A -20 80.00 0.37
A -30 54.00 0.00
A -40 44.14 0.20
A -50 42.21 0.19
A -60 38.00 0.00
A -70 35.31 0.00
M 2
A -70 36.00 0.00
A -60 38.00 0.00
A -50 44.00 0.20
A -40 48.00 0.20
A -30 62.00 0.00
A -20 80.00 0.04
A -10 72.00 0.20
A 0 106.00 0.00
A 10 84.00 0.00
A 20 95.34 0.60
A 30 96.00 0.00
A 40 90.00 0.20
A 50 98.00 0.00
A 60 98.00 0.00
A 70 109.10 0.20
M 2
A 70 99.72 0.17
A 60 94.00 0.02
A 50 90.59 0.00
A 40 90.00 0.00
A 30 90.00 0.00
A 20 108.00 8.92
A 10 74.93 0.20
A 0 78.00 0.20
A -10 60.00 0.20
A -20 53.00 0.20
A -30 50.00 0.00
A -40 48.00 0.20
A -50 40.83 0.03
A -60 38.62 0.06
A -70 36.00 0.00
M 2
A -70 36.00 0.00
A -60 42.00 0.00
A -50 40.00 0.00
A -40 44.00 0.00
A -30 48.00 0.00
A -20 52.00 0.00
A -10 60.00 0.00
A 0 68.55 0.06
A 10 68.00 0.00
A 20 75.86 0.01
A 30 82.00 0.00
A 40 92.00 0.00
A 50 90.00 0.00
A 60 90.00 0.00
A 70 95.86 0.20
M 2
A 70 92.00 0.00
A 60 90.00 0.00
A 50 96.41 0.04
A 40 80.00 0.00
A 30 76.00 0.00
A 20 68.00 0.00
A 10 64.00 0.00
A 0 62.24 0.00
A -10 56.00 0.00
A -20 52.00 0.20
A -30 44.00 0.00
A -40 40.00 0.07
A -50 38.00 0.00
A -60 38.00 0.01
A -70 44.00 0.00
M 2
A -70 36.00 0.00
A -60 36.00 0.00
A -50 38.00 0.00
A -40 42.00 0.00
A -30 50.00 0.00
A -20 50.00 0.09
A -10 58.00 0.01
A 0 60.00 0.00
A 10 62.00 0.00
A 20 74.00 0.00
A 30 74.00 0.00
A 40 80.00 0.00
A 50 82.00 0.00
A 60 82.00 0.00
A 70 88.00 0.17
M 2
A 70 86.00 0.00
A 60 80.00 0.11
A 50 78.00 0.00
A 40 84.00 0.00
A 30 70.00 0.00
A 20 68.00 0.00
A 10 70.00 0.40
A 0 58.00 0.00
A -10 54.00 0.02
A -20 46.00 0.20
A -30 48.00 0.00
A -40 38.62 0.06
A -50 36.00 0.11
A -60 36.00 0.00
A -70 36.00 0.00
M 2
A -70 34.00 0.03
A -60 34.00 0.00
A -50 34.00 0.00
A -40 38.00 0.00
A -30 44.00 0.00
A -20 48.00 0.14
A -10 48.00 0.00
A 0 50.00 0.00
A 10 52.00 0.20
A 20 72.41 0.18
A 30 64.00 0.00
A 40 68.00 0.00
A 50 77.00 0.20
A 60 76.83 0.20
A 70 84.00 0.14
M 2
A 70 115.31 0.07
A 60 76.00 0.20
A 50 74.00 0.00
A 40 146.00 0.14
A 30 60.00 0.10
A 20 54.00 0.02
A 10 48.00 0.00
A 0 44.00 0.20
A -10 44.00 0.00
A -20 46.00 0.00
A -30 44.00 0.00
A -40 36.00 0.11
A -50 34.00 0.08
A -60 34.00 0.08
A -70 34.00 0.00
M 2
A -70 30.00 0.19
A -60 31.86 0.19
A -50 32.00 0.00
A -40 37.90 0.21
A -30 41.55 0.20
A -20 40.00 0.00
A -10 40.00 0.07
A 0 44.00 0.00
A 10 44.00 0.00
A 20 47.45 0.20
A 30 74.00 0.09
A 40 72.00 0.00
A 50 74.00 0.00
A 60 76.00 0.00
A 70 76.00 0.00
M 2
A 70 71.31 0.13
A 60 66.00 0.10
A 50 66.00 0.01
A 40 58.00 0.10
A 30 52.00 0.00
A 20 50.00 0.00
A 10 38.00 0.20
A 0 38.00 0.00
A -10 38.00 0.00
A -20 44.00 0.01
A -30 38.00 0.12
A -40 35.86 0.00
A -50 30.45 0.13
A -60 30.00 0.00
A -70 30.00 0.00
M 2
A -70 31.31 0.11
A -60 30.00 0.00
A -50 30.00 0.00
A -40 32.00 0.18
A -30 32.69 0.14
A -20 32.00 0.00
A -10 32.00 0.00
A 0 34.00 0.00
A 10 36.00 0.00
A 20 40.00 0.00
A 30 50.00 0.00
A 40 48.00 0.00
A 50 60.00 0.00
A 60 62.00 0.00
A 70 65.52 0.00
M 2
A 70 64.00 0.00
A 60 60.00 0.00
A 50 52.00 0.00
A 40 46.00 0.00
A 30 46.00 0.00
A 20 37.66 0.20
A 10 30.00 0.00
A 0 30.00 0.00
A -10 30.76 0.01
A -20 30.00 0.00
A -30 30.00 0.00
A -40 30.00 0.00
A -50 28.00 0.00
A -60 28.00 0.00
A -70 28.00 0.00
M 2
A -70 28.00 0.06
A -60 28.00 0.03
A -50 28.00 0.00
A -40 34.69 0.52
A -30 26.00 0.00
A -20 24.00 0.20
A -10 24.00 0.00
A 0 26.00 0.00
A 10 28.83 0.12
A 20 54.00 0.00
A 30 48.00 0.00
A 40 50.00 0.00
A 50 50.00 0.00
A 60 56.00 0.00
A 70 64.00 0.00
T 70
A 70 64.00 0.00
A 60 64.00 0.00
A 50 72.00 0.40
A 40 146.00 0.00
A 30 144.76 0.15
A 20 69.90 0.05
A 10 148.00 7.87
A 0 62.00 0.20
A -10 58.00 0.05
A -20 50.00 0.20
A -30 43.52 0.20
A -40 42.00 0.00
A -50 34.00 0.02
A -60 28.00 0.06
A -70 30.00 0.00
M 2
A -70 28.48 0.20
A -60 29.83 0.20
A -50 36.00 0.80
A -40 36.55 0.11
A -30 43.86 0.00
A -20 50.00 0.00
A -10 48.00 0.00
A 0 52.00 0.00
A 10 64.00 0.80
A 20 144.00 0.10
A 30 142.00 0.00
A 40 140.00 0.00
A 50 144.00 0.00
A 60 66.00 0.00
A 70 62.00 0.00
M 2
A 70 60.00 0.00
A 60 64.00 0.20
A 50 140.34 0.20
A 40 138.00 0.00
A 30 138.00 0.00
A 20 140.00 0.00
A 10 54.00 0.00
A 0 48.00 0.00
A -10 48.00 0.00
A -20 46.00 0.00
A -30 42.00 0.08
A -40 40.00 0.00
A -50 32.00 0.00
A -60 28.00 0.06
A -70 30.00 0.00
M 2
A -70 28.00 0.00
A -60 28.55 0.20
A -50 28.00 0.00
A -40 58.00 0.00
A -30 42.00 0.23
A -20 57.97 0.20
A -10 54.00 0.00
A 0 193.28 0.40
A 10 169.00 0.40
A 20 64.00 0.20
A 30 136.00 0.00
A 40 135.93 0.01
A 50 136.00 0.00
A 60 63.38 0.20
A 70 60.00 0.00
M 2
A 70 60.00 0.00
A 60 64.00 0.00
A 50 134.00 0.00
A 40 132.00 0.04
A 30 134.00 0.00
A 20 54.66 0.20
A 10 54.00 0.00
A 0 54.00 0.01
A -10 40.00 0.00
A -20 44.00 0.01
A -30 30.00 0.00
A -40 30.00 0.00
A -50 26.00 0.20
A -60 26.00 0.00
A -70 25.34 0.20
M 2
A -70 25.55 0.20
A -60 24.00 0.00
A -50 26.00 0.02
A -40 28.00 0.20
A -30 26.00 0.00
A -20 31.31 0.00
A -10 46.00 0.20
A 0 38.00 0.00
A 10 123.31 0.20
A 20 50.00 0.00
A 30 130.03 0.20
A 40 132.41 0.04
A 50 132.00 0.00
A 60 67.52 0.40
A 70 60.00 0.00
T 40
A 70 68.00 0.06
A 60 59.72 0.20
A 50 58.00 0.00
A 40 58.00 0.00
A 30 59.59 0.20
A 20 132.00 0.00
A 10 130.00 0.03
A 0 132.00 0.20
A -10 132.00 0.11
A -20 46.00 0.00
A -30 46.00 0.00
A -40 44.00 0.00
A -50 33.38 0.20
A -60 31.31 0.00
A -70 30.00 0.00
M 2
A -70 30.00 0.00
A -60 30.00 0.00
A -50 118.00 7.20
A -40 48.07 0.20
A -30 44.00 0.04
A -20 45.93 0.20
A -10 52.00 0.00
A 0 126.00 0.00
A 10 126.10 0.20
A 20 128.55 0.20
A 30 160.00 0.20
A 40 56.00 0.00
A 50 54.00 0.00
A 60 54.00 0.14
A 70 58.00 0.00
M 2
A 70 56.00 0.00
A 60 54.00 0.00
A 50 56.00 0.00
A 40 58.00 0.00
A 30 156.00 0.20
A 20 124.97 0.20
A 10 122.90 0.20
A 0 122.00 0.00
A -10 80.28 0.00
A -20 46.00 0.00
A -30 40.00 0.01
A -40 38.00 0.00
A -50 38.00 0.12
A -60 30.00 0.00
A -70 30.00 0.00
M 2
A -70 28.00 0.00
A -60 38.00 0.42
A -50 32.00 0.00
A -40 36.00 0.00
A -30 44.00 0.00
A -20 46.00 0.00
A -10 124.00 0.11
A 0 118.00 0.00
A 10 120.00 0.11
A 20 122.00 0.20
A 30 152.00 0.00
A 40 126.00 0.00
A 50 56.00 0.15
A 60 54.00 0.14
A 70 125.69 0.20
M 2
A 70 124.00 0.04
A 60 50.00 0.09
A 50 50.00 0.00
A 40 55.72 0.20
A 30 150.00 0.05
A 20 118.00 0.08
A 10 114.10 0.10
A 0 114.00 0.00
A -10 134.00 0.00
A -20 116.00 0.20
A -30 36.00 0.11
A -40 32.90 0.18
A -50 30.00 0.00
A -60 30.00 0.00
A -70 30.00 0.00
M 2
A -70 28.00 0.00
A -60 30.00 0.09
A -50 30.00 0.00
A -40 32.00 0.00
A -30 36.00 0.07
A -20 40.00 0.00
A -10 110.00 0.01
A 0 108.00 0.20
A 10 108.00 0.06
A 20 114.00 0.20
A 30 141.66 0.20
A 40 143.72 0.20
A 50 48.48 0.20
A 60 44.00 0.00
A 70 46.00 0.20
M 2
A 70 46.00 0.00
A 60 46.00 0.00
A 50 50.00 0.01
A 40 140.00 0.00
A 30 138.00 0.00
A 20 108.00 0.20
A 10 102.00 0.20
A 0 101.24 0.20
A -10 84.00 0.00
A -20 38.00 0.06
A -30 36.00 0.00
A -40 30.00 0.00
A -50 30.00 0.00
A -60 28.00 0.00
A -70 28.00 0.00
M 2
A -70 28.00 0.00
A -60 26.00 0.00
A -50 26.00 0.00
A -40 30.00 0.00
A -30 34.66 0.13
A -20 38.00 0.00
A -10 98.00 0.00
A 0 98.00 0.17
A 10 100.00 0.18
A 20 104.76 0.20
A 30 138.00 0.00
A 40 136.00 0.18
A 50 44.00 0.04
A 60 42.00 0.01
A 70 44.00 0.01
M 2
A 70 40.28 0.00
A 60 135.66 9.19
A 50 134.00 0.08
A 40 132.00 0.00
A 30 132.00 0.00
A 20 100.00 0.00
A 10 98.00 0.02
A 0 96.00 0.00
A -10 96.00 0.00
A -20 97.83 0.14
A -30 34.00 0.00
A -40 26.00 0.00
A -50 26.52 0.10
A -60 26.00 0.00
A -70 24.00 0.00
T 50
A -70 40.00 0.00
A -60 98.00 0.01
A -50 98.00 0.00
A -40 100.00 0.08
A -30 134.00 0.00
A -20 125.55 0.20
A -10 130.00 0.19
A 0 132.00 0.11
A 10 41.10 0.20
A 20 38.00 0.00
A 30 38.00 0.00
A 40 38.00 0.03
A 50 114.00 0.00
A 60 122.00 0.20
A 70 98.41 0.20
M 2
A 70 98.00 0.00
A 60 110.00 0.17
A 50 36.00 0.00
A 40 34.00 0.00
A 30 34.00 0.00
A 20 36.00 0.00
A 10 130.07 0.20
A 0 128.00 0.00
A -10 130.00 0.00
A -20 122.00 0.00
A -30 110.00 0.19
A -40 98.00 0.00
A -50 94.00 0.09
A -60 94.00 0.00
A -70 40.00 0.00
M 2
A -70 64.62 2.80
A -60 92.00 0.00
A -50 92.00 0.00
A -40 96.00 0.00
A -30 106.00 0.20
A -20 114.00 0.00
A -10 124.00 0.00
A 0 126.00 0.00
A 10 37.10 0.20
A 20 35.86 0.01
A 30 32.00 0.00
A 40 31.03 0.13
A 50 34.00 0.02
A 60 110.00 0.00
A 70 98.00 0.00
M 2
A 70 98.00 0.00
A 60 124.00 0.00
A 50 36.00 0.01
A 40 30.00 0.00
A 30 26.00 0.14
A 20 26.00 0.00
A 10 38.00 0.00
A 0 122.00 0.00
A -10 122.00 0.00
A -20 122.00 0.12
A -30 106.24 0.00
A -40 96.00 0.17
A -50 94.00 0.00
A -60 94.00 0.00
A -70 94.00 0.14
M 2
A -70 48.00 0.00
A -60 90.00 0.00
A -50 90.00 0.00
A -40 98.10 0.40
A -30 117.59 0.40
A -20 118.00 0.00
A -10 120.00 0.00
A 0 118.00 0.00
A 10 118.00 0.00
A 20 22.00 0.20
A 30 22.00 0.16
A 40 22.00 0.00
A 50 26.79 0.36
A 60 110.93 0.20
A 70 100.00 0.00
T -10
A 70 114.00 0.20
A 60 36.00 0.40
A 50 24.00 0.00
A 40 22.00 0.00
A 30 26.52 0.20
A 20 32.00 0.20
A 10 120.00 0.00
A 0 118.24 0.00
A -10 118.00 0.00
A -20 108.00 0.00
A -30 102.00 0.00
A -40 90.00 0.00
A -50 90.00 0.00
A -60 48.00 0.14
A -70 50.00 0.00
T 10
A -70 50.00 0.20
A -60 90.00 0.00
A -50 90.00 0.13
A -40 98.00 0.40
A -30 118.00 0.40
A -20 118.00 0.00
A -10 120.00 0.00
A 0 120.00 0.20
A 10 120.00 0.00
A 20 22.00 0.06
A 30 22.00 0.16
A 40 22.00 0.00
A 50 30.00 0.40
A 60 112.00 0.03
A 70 100.00 0.00
T -10
A 70 108.00 0.80
A 60 37.00 0.40
A 50 24.00 0.03
A 40 22.00 0.20
A 30 28.00 0.01
A 20 32.00 0.00
A 10 120.00 0.00
A 0 119.86 0.20
A -10 118.00 0.00
A -20 108.07 0.20
A -30 98.00 0.20
A -40 90.00 0.20
A -50 90.00 0.00
A -60 48.00 0.00
A -70 50.00 0.17
T 10
A -70 48.00 0.20
A -60 90.00 0.00
A -50 90.00 0.00
A -40 98.59 0.12
A -30 118.00 0.40
A -20 118.00 0.00
A -10 120.69 0.20
A 0 119.86 0.20
A 10 120.00 0.00
A 20 23.59 0.20
A 30 22.00 0.00
A 40 22.00 0.02
A 50 30.00 0.00
A 60 112.00 0.20
A 70 100.00 0.00
T -10
A 70 114.00 0.06
A 60 35.45 0.40
A 50 24.00 0.00
A 40 22.00 0.20
A 30 28.00 0.00
A 20 32.00 0.00
A 10 119.93 0.20
A 0 119.00 0.20
A -10 118.00 0.00
A -20 110.00 0.05
A -30 98.00 0.12
A -40 90.00 0.00
A -50 90.00 0.00
A -60 48.00 0.10
A -70 50.00 0.08
T 10
A -70 48.00 0.01
A -60 90.59 0.00
A -50 90.00 0.00
A -40 98.00 0.03
A -30 118.00 0.00
A -20 118.00 0.00
A -10 120.41 0.00
A 0 120.00 0.01
A 10 119.93 0.04
A 20 22.00 0.06
A 30 22.00 0.00
A 40 22.00 0.00
A 50 31.31 0.01
A 60 110.00 0.19
A 70 100.00 0.00
T 45
A 70 96.00 0.43
A 60 90.72 0.20
A 50 93.93 0.20
A 40 96.00 0.10
A 30 118.00 0.17
A 20 40.00 0.01
A 10 23.00 0.06
A 0 26.00 0.00
A -10 26.00 0.00
A -20 24.00 0.00
A -30 24.00 0.00
A -40 120.00 0.00
A -50 118.00 0.00
A -60 122.00 0.00
A -70 122.00 0.20
T 45
A -70 26.00 0.00
A -60 26.00 0.00
A -50 22.72 0.20
A -40 24.00 0.00
A -30 30.00 0.00
A -20 106.79 0.20
A -10 98.00 0.01
A 0 92.00 0.20
A 10 90.00 0.00
A 20 90.00 0.00
A 30 86.00 0.00
A 40 84.00 0.00
A 50 84.00 0.00
A 60 88.00 0.00
A 70 66.72 0.00
T 45
A 70 42.00 0.02
A 60 48.00 0.00
A 50 59.86 0.06
A 40 60.00 0.00
A 30 64.00 0.00
A 20 74.00 1.39
A 10 84.00 0.00
A 0 84.00 0.00
A -10 84.00 0.00
A -20 84.00 0.00
A -30 87.79 0.20
A -40 92.00 0.00
A -50 98.00 0.00
A -60 108.97 0.10
A -70 32.00 0.00
M 2
A -70 116.00 0.20
A -60 106.00 0.06
A -50 104.00 0.00
A -40 87.93 0.20
A -30 84.00 0.20
A -20 82.00 0.02
A -10 80.00 0.00
A 0 80.00 0.00
A 10 80.00 0.00
A 20 80.00 0.00
A 30 68.28 0.20
A 40 66.00 0.13
A 50 66.00 0.00
A 60 46.00 0.01
A 70 42.00 0.01
M 2
A 70 42.00 0.00
A 60 44.00 0.00
A 50 60.97 0.00
A 40 60.00 0.00
A 30 68.00 0.10
A 20 74.00 0.00
A 10 76.00 0.17
A 0 74.86 0.19
A -10 76.00 0.17
A -20 76.00 0.19
A -30 78.00 0.00
A -40 84.00 0.11
A -50 88.83 0.20
A -60 102.00 0.00
A -70 102.00 0.00
M 2
A -70 100.00 0.12
A -60 98.00 0.00
A -50 96.00 0.00
A -40 80.00 0.40
A -30 74.00 0.03
A -20 72.00 0.00
A -10 72.00 0.00
A 0 70.00 0.00
A 10 72.00 0.00
A 20 72.00 0.00
A 30 64.00 0.00
A 40 58.00 0.00
A 50 60.00 0.00
A 60 86.00 0.00
A 70 44.00 0.01
M 2
A 70 40.00 0.00
A 60 43.86 0.01
A 50 56.00 0.00
A 40 68.00 0.00
A 30 70.00 0.00
A 20 68.00 0.00
A 10 68.00 0.10
A 0 68.00 0.00
A -10 68.00 0.00
A -20 70.00 0.00
A -30 70.00 0.00
A -40 76.76 0.20
A -50 87.72 0.20
A -60 100.00 0.00
A -70 102.00 0.00
M 2
A -70 98.00 0.16
A -60 92.00 0.00
A -50 90.86 0.20
A -40 74.00 0.20
A -30 72.00 0.20
A -20 66.00 0.00
A -10 64.00 0.00
A 0 64.00 0.00
A 10 64.00 0.00
A 20 66.00 0.03
A 30 64.00 0.00
A 40 54.38 0.20
A 50 48.00 0.00
A 60 42.00 0.20
A 70 40.83 0.17
M 2
A 70 40.00 0.20
A 60 44.00 0.01
A 50 52.00 0.40
A 40 56.00 0.20
A 30 64.00 0.00
A 20 62.00 0.00
A 10 60.00 0.00
A 0 60.00 0.00
A -10 60.00 0.00
A -20 62.00 0.00
A -30 72.00 0.00
A -40 74.00 0.00
A -50 74.00 0.13
A -60 88.00 0.00
A -70 90.00 0.00
M 2
A -70 84.00 0.19
A -60 86.00 0.20
A -50 71.31 0.00
A -40 70.00 0.13
A -30 65.45 0.20
A -20 58.00 0.00
A -10 56.00 0.00
A 0 56.00 0.00
A 10 54.00 0.00
A 20 56.00 0.00
A 30 56.00 0.00
A 40 46.00 0.00
A 50 46.00 0.00
A 60 42.00 0.16
A 70 40.00 0.07
M 2
A 70 40.00 0.01
A 60 40.00 0.00
A 50 40.00 0.00
A 40 43.86 0.20
A 30 46.00 0.00
A 20 52.00 0.00
A 10 52.00 0.00
A 0 52.00 0.00
A -10 52.00 0.01
A -20 52.00 0.18
A -30 56.00 0.00
A -40 68.00 0.00
A -50 70.00 0.00
A -60 81.00 0.20
A -70 82.00 0.00
M 2
A -70 74.00 0.08
A -60 72.00 0.00
A -50 76.00 0.00
A -40 60.34 0.20
A -30 52.00 0.00
A -20 50.00 0.00
A -10 48.00 0.00
A 0 47.86 0.04
A 10 48.00 0.00
A 20 48.00 0.20
A 30 40.00 0.03
A 40 38.31 0.06
A 50 38.00 0.00
A 60 38.00 0.01
A 70 38.00 0.00
M 2
A 70 38.00 0.00
A 60 36.00 0.20
A 50 36.00 0.01
A 40 36.00 0.00
A 30 37.10 0.11
A 20 44.00 0.01
A 10 44.00 0.00
A 0 44.00 0.00
A -10 44.00 0.00
A -20 46.00 0.00
A -30 50.00 0.00
A -40 56.00 0.00
A -50 58.00 0.00
A -60 68.00 0.04
A -70 74.00 0.00
M 2
A -70 90.00 0.00
A -60 74.00 0.00
A -50 63.24 0.40
A -40 58.00 0.00
A -30 46.00 0.12
A -20 43.93 0.20
A -10 40.00 0.00
A 0 38.00 0.17
A 10 40.00 0.00
A 20 38.00 0.16
A 30 34.00 0.00
A 40 34.00 0.00
A 50 32.00 0.00
A 60 34.00 0.02
A 70 34.00 0.00
M 2
A 70 32.00 0.20
A 60 32.00 0.00
A 50 30.00 0.00
A 40 31.31 0.13
A 30 32.00 0.17
A 20 32.00 0.00
A 10 35.93 0.01
A 0 35.86 0.01
A -10 36.00 0.11
A -20 36.00 0.00
A -30 40.00 0.00
A -40 46.00 0.00
A -50 65.97 0.20
A -60 68.00 0.00
A -70 80.00 0.00
M 2
A -70 78.00 0.00
A -60 62.00 0.40
A -50 48.00 0.00
A -40 44.14 0.00
A -30 42.00 0.23
A -20 34.38 0.20
A -10 31.86 0.20
A 0 30.00 0.00
A 10 30.00 0.00
A 20 34.00 0.20
A 30 31.31 0.00
A 40 26.00 0.10
A 50 26.00 0.00
A 60 28.00 0.06
A 70 29.10 0.20
M 2
A 70 30.00 0.00
A 60 23.00 0.06
A 50 24.00 0.00
A 40 24.00 0.00
A 30 24.00 0.00
A 20 28.00 0.00
A 10 26.00 0.00
A 0 26.00 0.16
A -10 28.00 0.00
A -20 30.00 0.08
A -30 30.00 0.00
A -40 38.00 0.09
A -50 152.00 10.60
A -60 62.00 0.08
A -70 64.00 0.06
T -70
A -70 64.00 0.00
A -60 67.79 0.20
A -50 74.00 0.20
A -40 212.00 0.14
A -30 216.00 0.00
A -20 83.31 0.20
A -10 81.59 0.19
A 0 82.00 0.20
A 10 52.00 0.00
A 20 44.00 0.00
A 30 46.00 0.20
A 40 34.00 0.03
A 50 30.00 0.00
A 60 29.55 0.09
A 70 28.55 0.00
M 2
A 70 26.00 0.00
A 60 26.00 0.00
A 50 28.00 0.00
A 40 34.00 0.02
A 30 34.00 0.03
A 20 58.00 0.00
A 10 46.00 0.00
A 0 50.00 0.00
A -10 74.00 0.13
A -20 78.00 0.02
A -30 210.00 0.00
A -40 208.00 0.00
A -50 103.52 0.40
A -60 98.00 0.00
A -70 96.00 3.10
M 2
A -70 62.00 0.00
A -60 64.00 0.00
A -50 171.21 1.15
A -40 206.00 0.25
A -30 212.00 0.00
A -20 159.00 0.20
A -10 68.00 0.20
A 0 52.00 0.00
A 10 54.00 0.00
A 20 48.00 0.00
A 30 30.00 0.00
A 40 30.00 0.00
A 50 24.90 0.20
A 60 24.00 0.00
A 70 24.00 0.03
T -10
A 70 28.00 0.10
A 60 28.00 0.00
A 50 28.00 0.00
A 40 36.00 0.00
A 30 50.00 0.00
A 20 50.00 0.00
A 10 66.00 0.00
A 0 70.00 0.00
A -10 77.90 0.12
A -20 214.00 0.00
A -30 206.00 0.00
A -40 170.00 0.20
A -50 64.00 0.00
A -60 64.00 0.00
A -70 62.00 0.00
M 2
A -70 60.00 0.00
A -60 64.00 0.00
A -50 70.00 0.14
A -40 200.00 1.31
A -30 206.00 0.15
A -20 210.00 0.20
A -10 78.00 0.01
A 0 64.00 0.00
A 10 48.00 0.01
A 20 41.00 0.09
A 30 40.00 0.00
A 40 30.86 0.20
A 50 30.00 0.00
A 60 24.48 0.20
A 70 24.00 0.00
T -10
A 70 26.00 0.00
A 60 24.00 0.00
A 50 34.00 0.00
A 40 40.00 0.00
A 30 40.00 0.12
A 20 46.00 0.20
A 10 64.00 0.00
A 0 102.72 3.00
A -10 210.62 0.20
A -20 203.00 0.20
A -30 192.00 0.20
A -40 86.00 2.80
A -50 62.00 0.00
A -60 60.00 0.00
A -70 60.00 0.00
T 0
A -70 60.00 0.11
A -60 60.00 0.00
A -50 62.00 0.00
A -40 100.55 3.12
A -30 188.00 8.60
A -20 202.00 3.40
A -10 210.00 0.20
A 0 70.00 0.20
A 10 66.00 0.14
A 20 48.34 0.20
A 30 42.00 0.00
A 40 40.00 0.00
A 50 36.55 0.15
A 60 26.00 0.00
A 70 26.00 0.00
M 2
A 70 24.00 0.00
A 60 31.03 0.20
A 50 28.41 0.17
A 40 36.00 0.00
A 30 43.86 0.01
A 20 64.00 0.00
A 10 62.00 0.08
A 0 64.00 0.00
A -10 202.00 0.00
A -20 200.00 0.20
A -30 182.00 0.20
A -40 100.00 0.00
A -50 64.00 0.00
A -60 61.79 0.20
A -70 62.00 0.00
T -40
A -70 82.00 0.20
A -60 112.00 0.00
A -50 62.00 0.00
A -40 58.00 0.00
A -30 58.00 0.00
A -20 60.00 0.00
A -10 92.00 0.00
A 0 98.00 0.00
A 10 200.00 0.20
A 20 202.00 0.40
A 30 203.00 0.20
A 40 123.41 7.16
A 50 62.76 0.00
A 60 64.00 0.00
A 70 124.00 0.11
M 2
A 70 38.00 0.00
A 60 44.00 0.00
A 50 55.45 0.20
A 40 88.07 6.40
A 30 198.00 0.00
A 20 200.28 0.08
A 10 195.10 0.20
A 0 64.00 0.00
A -10 58.00 0.00
A -20 55.38 0.20
A -30 54.00 0.00
A -40 56.00 0.00
A -50 58.00 0.17
A -60 109.38 0.20
A -70 150.00 0.01
M 2
A -70 116.00 0.00
A -60 108.00 0.00
A -50 55.00 0.03
A -40 52.00 0.00
A -30 52.00 0.01
A -20 52.00 0.00
A -10 55.38 0.00
A 0 90.00 0.60
A 10 191.17 0.20
A 20 196.00 0.00
A 30 193.90 0.20
A 40 199.66 0.40
A 50 70.00 0.40
A 60 46.00 0.20
A 70 44.00 0.01
M 2
A 70 40.00 0.00
A 60 149.52 9.20
A 50 208.90 0.19
A 40 192.00 9.52
A 30 188.00 0.00
A 20 192.00 0.20
A 10 186.00 0.00
A 0 84.48 0.20
A -10 80.00 0.20
A -20 84.00 0.00
A -30 50.00 0.00
A -40 50.00 0.00
A -50 50.00 0.17
A -60 132.00 0.20
A -70 150.00 0.00
M 2
A -70 104.00 0.00
A -60 110.00 0.00
A -50 52.00 0.20
A -40 48.00 0.00
A -30 46.00 0.00
A -20 46.72 0.20
A -10 152.00 0.00
A 0 152.00 0.00
A 10 182.00 0.00
A 20 186.00 0.00
A 30 154.41 3.00
A 40 73.79 0.18
A 50 56.00 0.15
A 60 54.00 0.00
A 70 44.00 0.00
M 2
A 70 43.86 0.01
A 60 48.00 0.00
A 50 62.76 0.00
A 40 148.00 0.00
A 30 180.00 0.01
A 20 165.00 0.20
A 10 176.00 0.00
A 0 164.00 0.00
A -10 152.00 0.03
A -20 44.00 0.08
A -30 44.00 0.01
A -40 43.86 0.20
A -50 44.00 0.00
A -60 46.00 0.19
A -70 102.00 0.08
M 2
A -70 98.00 0.00
A -60 47.86 0.20
A -50 40.00 0.01
A -40 40.00 0.00
A -30 42.00 0.00
A -20 43.10 0.20
A -10 48.21 0.10
A 0 160.00 0.20
A 10 172.00 0.20
A 20 176.00 1.20
A 30 148.00 0.15
A 40 178.00 0.20
A 50 68.00 0.00
A 60 54.00 0.20
A 70 48.00 0.20
M 2
A 70 48.55 0.20
A 60 51.72 0.20
A 50 57.97 0.08
A 40 88.00 0.40
A 30 162.66 1.80
A 20 172.00 0.08
A 10 168.00 0.17
A 0 148.00 0.20
A -10 146.00 0.00
A -20 42.00 0.20
A -30 38.00 0.00
A -40 36.00 0.00
A -50 36.00 0.00
A -60 38.00 0.00
A -70 104.00 0.00
M 2
A -70 39.17 0.20
A -60 35.31 0.07
A -50 34.00 0.03
A -40 36.00 0.00
A -30 51.00 0.11
A -20 60.00 0.00
A -10 63.52 0.20
A 0 64.90 0.20
A 10 166.00 0.00
A 20 168.00 0.00
A 30 189.14 0.40
A 40 205.14 0.20
A 50 64.00 0.10
A 60 52.00 0.20
A 70 48.00 0.00
M 2
A 70 50.00 0.00
A 60 56.00 0.00
A 50 58.00 0.00
A 40 202.00 0.00
A 30 165.00 0.40
A 20 162.76 0.20
A 10 154.76 1.00
A 0 137.48 0.10
A -10 60.00 0.00
A -20 59.72 0.20
A -30 40.00 0.00
A -40 35.86 0.00
A -50 32.00 0.00
A -60 34.00 0.00
A -70 34.00 0.13
M 2
A -70 34.00 0.13
A -60 30.00 0.00
A -50 32.00 0.00
A -40 32.00 0.00
A -30 34.00 0.02
A -20 50.00 0.00
A -10 56.00 7.40
A 0 144.00 0.20
A 10 156.00 0.17
A 20 156.00 0.01
A 30 143.59 0.20
A 40 72.00 0.00
A 50 64.00 0.00
A 60 58.00 0.00
A 70 48.00 0.10
M 2
A 70 102.00 0.08
A 60 54.00 0.08
A 50 60.00 0.00
A 40 97.03 0.19
A 30 102.00 0.00
A 20 152.00 0.03
A 10 154.00 0.20
A 0 142.10 0.00
A -10 132.00 0.00
A -20 124.00 0.00
A -30 40.07 0.10
A -40 30.76 0.08
A -50 30.00 0.00
A -60 26.00 0.00
A -70 30.00 0.00
M 2
A -70 30.00 0.00
A -60 28.00 0.01
A -50 28.00 0.00
A -40 51.79 0.20
A -30 36.00 0.00
A -20 47.00 0.20
A -10 142.00 0.12
A 0 142.00 0.00
A 10 154.00 0.20
A 20 150.00 0.00
A 30 137.45 0.80
A 40 64.00 0.12
A 50 58.00 0.00
A 60 56.00 0.00
A 70 56.00 0.00
M 2
A 70 50.00 0.03
A 60 52.00 0.00
A 50 58.00 0.00
A 40 64.00 0.00
A 30 118.00 0.20
A 20 146.00 0.00
A 10 148.00 0.00
A 0 141.38 0.60
A -10 138.76 0.08
A -20 40.34 0.00
A -30 39.59 0.00
A -40 44.00 0.00
A -50 28.00 0.00
A -60 26.00 0.01
A -70 24.00 0.00
T 10
A -70 24.00 0.12
A -60 24.62 0.00
A -50 40.00 0.20
A -40 40.00 0.00
A -30 43.86 0.20
A -20 134.00 0.00
A -10 140.97 0.20
A 0 148.00 0.00
A 10 138.07 1.40
A 20 118.00 0.02
A 30 62.00 0.00
A 40 59.10 0.20
A 50 56.00 0.00
A 60 50.00 0.00
A 70 46.00 0.00
T 0
A 70 46.00 0.00
A 60 50.00 0.20
A 50 56.00 0.03
A 40 58.86 0.17
A 30 62.00 0.00
A 20 115.79 0.11
A 10 146.00 0.00
A 0 151.03 0.20
A -10 138.31 0.20
A -20 136.21 0.20
A -30 44.00 0.00
A -40 40.00 0.00
A -50 40.00 0.00
A -60 26.00 0.20
A -70 24.00 0.00
T 0
A -70 24.00 0.00
A -60 24.41 0.18
A -50 38.59 0.34
A -40 40.00 0.00
A -30 44.00 0.17
A -20 136.00 0.20
A -10 138.38 0.00
A 0 150.00 0.01
A 10 146.00 0.00
A 20 116.00 0.15
A 30 62.00 0.00
A 40 58.00 0.12
A 50 56.00 0.00
A 60 50.00 0.00
A 70 45.00 0.20
T 0
A 70 44.00 0.00
A 60 50.00 0.20
A 50 56.00 0.00
A 40 58.00 0.17
A 30 62.00 0.00
A 20 115.59 0.20
A 10 146.00 0.00
A 0 150.03 0.11
A -10 138.00 0.20
A -20 137.00 0.20
A -30 42.00 0.03
A -40 40.00 0.00
A -50 40.00 0.00
A -60 25.93 0.20
A -70 24.00 0.00
T 0
A -70 24.00 0.00
A -60 24.00 0.00
A -50 40.00 0.08
A -40 40.00 0.00
A -30 44.00 0.30
A -20 136.00 0.00
A -10 142.00 0.00
A 0 150.00 0.00
A 10 145.97 0.20
A 20 115.00 0.20
A 30 62.76 0.15
A 40 59.03 0.00
A 50 56.00 0.15
A 60 50.00 0.00
A 70 46.00 0.00
T 0
A 70 46.00 0.00
A 60 50.00 0.20
A 50 56.00 0.00
A 40 59.72 0.17
A 30 62.00 0.00
A 20 115.72 0.20
A 10 146.00 0.03
A 0 150.00 0.00
A -10 138.00 0.08
A -20 137.97 0.20
A -30 43.03 0.20
A -40 40.00 0.00
A -50 40.00 0.17
A -60 26.00 0.00
A -70 24.00 0.00
M 2
A -70 26.00 0.13
A -60 29.14 0.30
A -50 36.00 0.00
A -40 38.00 0.00
A -30 141.62 9.80
A -20 140.00 0.18
A -10 142.00 0.00
A 0 140.00 0.00
A 10 142.86 0.20
A 20 94.00 0.20
A 30 70.00 0.00
A 40 59.00 0.20
A 50 56.76 0.20
A 60 60.00 0.15
A 70 44.00 0.00
M 2
A 70 44.00 0.00
A 60 46.00 0.20
A 50 49.69 0.20
A 40 59.00 0.20
A 30 88.00 0.00
A 20 96.00 0.00
A 10 137.48 0.20
A 0 138.00 0.00
A -10 138.00 0.00
A -20 122.00 0.11
A -30 123.66 0.20
A -40 44.00 0.14
A -50 34.45 0.20
A -60 34.00 0.00
A -70 24.00 0.00
T -10
A -70 26.00 0.00
A -60 26.00 0.00
A -50 30.00 0.19
A -40 32.00 0.08
A -30 46.00 0.00
A -20 122.00 0.00
A -10 122.00 0.20
A 0 138.00 0.00
A 10 138.00 0.10
A 20 139.10 0.40
A 30 93.00 0.33
A 40 86.00 0.00
A 50 58.00 0.14
A 60 48.00 0.10
A 70 46.00 0.00
M 2
A 70 46.00 0.00
A 60 50.00 0.03
A 50 58.00 0.00
A 40 90.00 0.00
A 30 107.45 0.20
A 20 124.00 0.29
A 10 132.00 0.19
A 0 136.00 0.04
A -10 120.00 0.20
A -20 40.00 0.00
A -30 113.66 0.20
A -40 34.00 0.00
A -50 34.00 0.01
A -60 26.00 0.00
A -70 27.52 0.20
M 2
A -70 26.00 0.00
A -60 24.00 0.20
A -50 28.00 0.00
A -40 30.00 0.00
A -30 31.59 0.20
A -20 111.93 0.01
A -10 118.00 0.20
A 0 130.00 0.03
A 10 130.00 0.00
A 20 130.00 0.60
A 30 84.00 0.00
A 40 77.90 0.20
A 50 62.00 0.40
A 60 52.07 0.40
A 70 46.00 0.03
T 0
A 70 46.00 0.00
A 60 52.00 0.20
A 50 60.00 0.00
A 40 78.00 0.00
A 30 83.00 0.40
A 20 124.00 0.00
A 10 128.00 0.11
A 0 129.97 0.03
A -10 118.00 0.00
A -20 112.00 0.00
A -30 30.24 0.00
A -40 30.00 0.00
A -50 28.00 0.00
A -60 26.00 0.14
A -70 25.52 0.20
M 2
A -70 24.00 0.00
A -60 26.00 0.00
A -50 30.76 0.09
A -40 28.00 0.00
A -30 36.00 0.00
A -20 36.00 0.00
A -10 120.00 0.20
A 0 126.00 0.01
A 10 128.00 0.00
A 20 126.00 0.00
A 30 106.00 0.00
A 40 78.00 0.00
A 50 78.00 0.00
A 60 52.00 0.00
A 70 46.00 0.00
T 10
A 70 44.00 0.00
A 60 46.00 0.00
A 50 57.66 0.05
A 40 80.00 0.00
A 30 82.00 0.00
A 20 104.00 0.10
A 10 126.00 0.20
A 0 126.00 0.00
A -10 126.86 0.20
A -20 125.55 0.20
A -30 110.00 0.00
A -40 31.66 0.04
A -50 30.00 0.00
A -60 26.00 0.16
A -70 26.00 0.14
M 2
A -70 26.00 0.00
A -60 26.00 0.00
A -50 31.31 0.13
A -40 104.48 0.10
A -30 107.52 0.20
A -20 122.00 0.00
A -10 122.00 0.00
A 0 124.00 0.00
A 10 122.45 0.00
A 20 100.00 0.12
A 30 96.00 0.00
A 40 96.00 0.11
A 50 53.48 0.20
A 60 44.00 0.04
A 70 44.00 0.00
M 2
A 70 44.00 0.00
A 60 46.00 0.06
A 50 50.00 0.20
A 40 94.00 0.19
A 30 92.00 0.00
A 20 92.00 0.00
A 10 118.24 0.20
A 0 122.00 0.00
A -10 120.00 0.00
A -20 120.00 1.00
A -30 104.00 0.06
A -40 102.00 0.00
A -50 36.76 0.17
A -60 104.00 0.00
A -70 26.00 0.00
M 2
A -70 28.00 0.00
A -60 36.00 0.12
A -50 98.86 0.17
A -40 99.72 0.17
A -30 102.00 0.00
A -20 114.66 0.00
A -10 114.66 0.20
A 0 116.00 0.00
A 10 118.00 0.00
A 20 90.00 0.00
A 30 68.00 0.06
A 40 66.00 0.20
A 50 60.00 0.00
A 60 44.00 0.10
A 70 42.00 0.20
M 2
A 70 42.00 0.00
A 60 43.93 0.01
A 50 58.00 0.00
A 40 62.00 0.00
A 30 78.00 0.00
A 20 87.00 0.20
A 10 114.00 0.20
A 0 112.00 0.00
A -10 112.00 0.00
A -20 112.00 0.00
A -30 104.00 0.40
A -40 98.00 0.00
A -50 98.00 0.00
A -60 98.00 0.00
A -70 102.00 0.00
M 2
A -70 103.45 0.20
A -60 98.00 0.00
A -50 96.00 0.10
A -40 96.00 0.00
A -30 99.00 0.20
A -20 108.00 0.00
A -10 112.00 0.00
A 0 110.00 0.00
A 10 108.00 0.00
A 20 84.00 0.14
A 30 82.52 0.20
A 40 84.00 0.00
A 50 55.59 0.20
A 60 48.00 0.03
A 70 44.00 0.01
M 2
A 70 52.00 0.46
A 60 56.00 0.00
A 50 56.00 0.00
A 40 70.00 0.00
A 30 142.00 1.00
A 20 82.97 0.40
A 10 100.00 0.00
A 0 104.21 0.00
A -10 106.00 0.20
A -20 110.00 0.00
A -30 115.45 1.77
A -40 94.00 0.00
A -50 92.83 0.20
A -60 94.00 0.00
A -70 98.00 0.08
M 2
A -70 94.00 0.00
A -60 92.00 0.19
A -50 92.00 0.00
A -40 92.00 0.00
A -30 106.00 0.10
A -20 100.00 0.00
A -10 101.79 0.02
A 0 98.00 0.00
A 10 108.00 0.00
A 20 78.00 0.09
A 30 78.00 0.00
A 40 78.00 0.00
A 50 172.00 9.00
A 60 50.00 0.09
A 70 44.00 0.00
M 2
A 70 46.00 0.00
A 60 54.00 0.00
A 50 61.90 0.10
A 40 68.00 0.06
A 30 70.59 0.49
A 20 94.00 0.00
A 10 94.00 0.09
A 0 98.03 0.06
A -10 96.00 0.08
A -20 96.00 0.01
A -30 92.00 0.00
A -40 88.00 0.00
A -50 88.00 0.00
A -60 88.00 0.00
A -70 90.00 0.00
M 2
A -70 86.00 0.00
A -60 86.00 0.00
A -50 86.00 0.00
A -40 86.00 0.00
A -30 94.00 0.42
A -20 92.00 0.00
A -10 91.66 0.20
A 0 94.00 0.20
A 10 91.66 0.00
A 20 88.00 0.14
A 30 64.34 0.15
A 40 66.00 0.00
A 50 52.00 0.17
A 60 51.72 0.20
A 70 50.00 0.00
M 2
A 70 46.00 0.08
A 60 100.00 0.00
A 50 54.00 0.09
A 40 84.00 0.00
A 30 68.00 0.00
A 20 88.00 0.17
A 10 86.00 0.00
A 0 85.38 0.14
A -10 88.00 0.00
A -20 88.00 0.00
A -30 90.00 0.01
A -40 84.00 0.00
A -50 84.00 0.00
A -60 84.00 0.00
A -70 85.97 0.14
M 2
A -70 84.00 0.00
A -60 83.17 0.20
A -50 82.00 0.02
A -40 82.00 0.12
A -30 84.00 0.00
A -20 86.00 0.20
A -10 86.00 0.00
A 0 81.00 0.20
A 10 82.00 0.00
A 20 80.00 0.00
A 30 58.00 0.12
A 40 56.00 0.00
A 50 52.00 0.00
A 60 52.00 0.00
A 70 48.00 0.00
M 2
A 70 42.93 0.20
A 60 46.00 0.00
A 50 54.00 0.00
A 40 56.00 0.01
A 30 58.00 0.08
A 20 68.00 0.00
A 10 78.00 0.00
A 0 79.59 0.16
A -10 82.00 0.06
A -20 84.00 0.20
A -30 80.00 0.17
A -40 80.00 0.00
A -50 80.00 0.00
A -60 80.00 0.01
A -70 82.00 0.00
M 2
A -70 78.00 0.00
A -60 78.00 0.05
A -50 78.00 0.00
A -40 78.00 0.00
A -30 78.00 0.00
A -20 80.00 0.00
A -10 78.00 0.03
A 0 74.00 0.00
A 10 70.00 0.00
A 20 64.00 0.00
A 30 56.00 0.20
A 40 54.00 0.00
A 50 46.00 0.09
A 60 44.00 0.00
A 70 42.00 0.20
M 2
A 70 42.00 0.00
A 60 42.00 0.00
A 50 48.00 0.08
A 40 54.00 0.01
A 30 56.00 0.18
A 20 62.00 0.01
A 10 71.31 0.00
A 0 74.00 0.00
A -10 75.31 0.13
A -20 75.86 0.01
A -30 78.00 0.00
A -40 78.00 0.00
A -50 76.00 0.00
A -60 76.00 0.00
A -70 76.00 0.20
M 2
A -70 77.52 0.20
A -60 76.00 0.00
A -50 75.00 0.20
A -40 76.00 0.03
A -30 78.00 0.08
A -20 70.00 0.00
A -10 74.00 0.00
A 0 73.79 0.18
A 10 64.00 0.00
A 20 60.00 0.20
A 30 54.00 0.03
A 40 48.00 0.00
A 50 42.00 0.00
A 60 40.00 0.00
A 70 40.00 0.00
M 2
A 70 38.00 0.00
A 60 38.00 0.00
A 50 44.00 0.00
A 40 142.00 0.20
A 30 60.00 0.12
A 20 58.00 0.10
A 10 60.00 0.00
A 0 64.00 0.00
A -10 70.00 0.01
A -20 69.00 0.20
A -30 70.00 0.00
A -40 73.03 0.00
A -50 72.00 0.14
A -60 72.00 0.00
A -70 74.00 0.00
M 2
A -70 72.00 0.00
A -60 70.00 0.00
A -50 70.00 0.00
A -40 72.00 0.00
A -30 67.00 0.20
A -20 64.00 0.00
A -10 64.00 0.00
A 0 66.03 0.10
A 10 58.86 0.20
A 20 56.14 0.15
A 30 50.00 0.00
A 40 58.00 0.00
A 50 40.00 0.04
A 60 38.00 0.00
A 70 38.00 0.01
M 2
A 70 36.00 0.00
A 60 36.00 0.00
A 50 38.00 0.00
A 40 40.00 0.00
A 30 44.00 0.00
A 20 52.00 0.00
A 10 64.00 0.00
A 0 60.00 0.03
A -10 58.38 0.17
A -20 59.72 0.17
A -30 64.00 0.00
A -40 68.00 0.15
A -50 70.00 0.00
A -60 68.00 0.00
A -70 70.00 0.00
M 2
A -70 68.00 0.00
A -60 66.00 0.00
A -50 68.00 0.00
A -40 66.00 0.05
A -30 61.24 0.12
A -20 58.72 0.20
A -10 202.00 0.00
A 0 56.00 0.00
A 10 51.72 0.20
A 20 46.00 0.00
A 30 44.00 0.00
A 40 38.00 0.16
A 50 36.00 0.00
A 60 34.00 0.00
A 70 34.00 0.00
M 2
A 70 32.00 0.00
A 60 32.00 0.00
A 50 34.00 0.00
A 40 36.00 0.20
A 30 43.86 0.20
A 20 44.00 0.00
A 10 46.00 0.00
A 0 46.00 0.17
A -10 50.00 0.00
A -20 182.00 0.10
A -30 68.00 0.00
A -40 67.03 0.00
A -50 64.00 0.00
A -60 67.03 0.10
A -70 65.00 0.20
M 2
A -70 64.00 0.00
A -60 64.00 0.00
A -50 64.97 0.20
A -40 64.00 0.01
A -30 52.83 0.00
A -20 46.00 0.00
A -10 44.00 0.00
A 0 42.00 0.00
A 10 42.00 0.00
A 20 42.00 0.00
A 30 40.00 0.00
A 40 33.90 0.40
A 50 30.00 0.00
A 60 30.00 0.00
A 70 30.00 0.00
M 2
A 70 30.00 0.20
A 60 30.00 0.00
A 50 30.00 0.00
A 40 30.00 0.00
A 30 36.00 0.00
A 20 36.00 0.00
A 10 36.00 0.00
A 0 36.00 0.11
A -10 38.00 0.00
A -20 44.00 0.20
A -30 66.00 0.00
A -40 62.00 0.12
A -50 57.93 0.20
A -60 60.00 0.00
A -70 64.00 0.00
M 2
A -70 64.00 0.00
A -60 60.00 0.00
A -50 58.00 0.00
A -40 48.00 0.11
A -30 44.00 0.14
A -20 40.00 0.00
A -10 34.00 0.00
A 0 32.00 0.00
A 10 32.00 0.00
A 20 32.00 0.00
A 30 34.00 0.00
A 40 34.00 0.02
A 50 28.00 0.06
A 60 26.00 0.00
A 70 28.00 0.10
M 2
A 70 24.00 0.00
A 60 24.00 0.00
A 50 24.00 0.00
A 40 24.00 0.20
A 30 28.00 0.00
A 20 26.00 0.00
A 10 26.00 0.00
A 0 30.00 0.00
A -10 34.00 0.02
A -20 34.00 0.20
A -30 44.00 0.00
A -40 191.79 0.60
A -50 52.00 0.12
A -60 54.00 0.19
A -70 60.00 0.00
T -70
A -70 190.00 0.00
A -60 190.07 0.12
A -50 192.00 0.20
A -40 88.48 0.20
A -30 92.00 0.06
A -20 64.00 0.00
A -10 60.00 0.00
A 0 60.00 0.00
A 10 64.00 0.00
A 20 46.00 0.00
A 30 50.00 0.00
A 40 44.00 0.00
A 50 35.31 0.00
A 60 30.00 0.16
A 70 32.00 0.00
M 2
A 70 30.00 0.00
A 60 30.00 0.00
A 50 36.00 0.20
A 40 36.55 0.11
A 30 44.00 0.00
A 20 44.00 0.00
A 10 54.00 0.00
A 0 56.00 0.00
A -10 56.00 0.00
A -20 58.00 0.00
A -30 170.21 8.40
A -40 90.00 0.00
A -50 180.00 0.00
A -60 181.90 0.40
A -70 188.00 0.00
M 2
A -70 182.00 0.00
A -60 178.00 0.20
A -50 178.00 0.00
A -40 152.00 0.00
A -30 61.00 0.03
A -20 56.00 0.00
A -10 52.00 0.20
A 0 52.00 0.00
A 10 44.00 0.00
A 20 44.00 0.14
A 30 52.00 0.14
A 40 32.83 0.20
A 50 32.00 0.00
A 60 28.00 0.00
A 70 28.00 0.10
M 2
A 70 28.55 0.20
A 60 28.00 0.08
A 50 30.00 0.00
A 40 30.00 0.20
A 30 48.00 0.00
A 20 54.00 0.12
A 10 50.00 0.00
A 0 48.00 0.00
A -10 50.00 0.00
A -20 50.00 0.00
A -30 52.00 0.14
A -40 153.00 0.32
A -50 168.00 1.40
A -60 174.00 0.09
A -70 177.76 0.06
M 2
A -70 184.00 0.60
A -60 172.21 0.04
A -50 168.00 0.17
A -40 172.00 0.00
A -30 152.00 0.00
A -20 46.00 0.00
A -10 44.00 0.00
A 0 42.93 0.20
A 10 38.00 0.00
A 20 36.00 0.00
A 30 27.03 0.10
A 40 26.00 0.00
A 50 26.00 0.00
A 60 28.00 0.20
A 70 28.00 0.00
M 2
A 70 24.00 0.00
A 60 22.00 0.00
A 50 24.00 0.00
A 40 22.00 0.00
A 30 24.00 0.00
A 20 246.00 1.10
A 10 44.00 0.01
A 0 38.00 0.00
A -10 40.00 0.00
A -20 42.00 0.00
A -30 43.86 0.08
A -40 152.00 0.00
A -50 172.00 0.20
A -60 168.00 0.00
A -70 172.00 0.20
T -40
A -70 192.00 0.20
A -60 104.00 0.20
A -50 100.00 0.07
A -40 124.00 0.20
A -30 168.90 0.11
A -20 170.00 0.09
A -10 166.00 0.00
A 0 184.00 2.00
A 10 146.83 0.14
A 20 44.00 0.00
A 30 40.00 0.00
A 40 43.93 0.01
A 50 38.00 0.12
A 60 30.00 0.20
A 70 25.90 0.20
M 2
A 70 26.00 0.00
A 60 26.00 0.00
A 50 36.00 0.00
A 40 36.00 0.00
A 30 38.00 0.10
A 20 44.00 0.20
A 10 42.00 0.20
A 0 171.66 0.20
A -10 162.00 0.00
A -20 162.00 0.20
A -30 166.00 0.00
A -40 172.00 0.80
A -50 182.00 0.00
A -60 116.83 0.40
A -70 189.00 0.20
M 2
A -70 190.00 0.20
A -60 182.00 0.00
A -50 179.72 0.20
A -40 165.28 0.20
A -30 160.97 0.20
A -20 158.00 0.00
A -10 162.00 0.00
A 0 162.00 0.17
A 10 44.00 0.00
A 20 40.00 0.01
A 30 32.00 0.00
A 40 32.00 0.00
A 50 30.86 0.00
A 60 28.00 0.00
A 70 26.03 0.01
M 2
A 70 24.00 0.00
A 60 30.00 0.20
A 50 30.00 0.00
A 40 36.55 0.11
A 30 30.00 0.00
A 20 34.00 0.20
A 10 34.34 0.20
A 0 178.00 1.40
A -10 154.00 0.20
A -20 156.00 0.04
A -30 156.00 0.07
A -40 160.00 0.00
A -50 179.00 0.21
A -60 98.00 0.00
A -70 186.00 0.00
T -30
A -70 93.97 0.20
A -60 203.83 0.60
A -50 194.00 0.03
A -40 92.00 0.07
A -30 94.00 0.20
A -20 138.00 7.80
A -10 158.00 0.00
A 0 156.41 0.20
A 10 154.00 0.20
A 20 152.00 0.20
A 30 131.86 0.20
A 40 34.00 0.02
A 50 33.79 0.20
A 60 32.00 0.06
A 70 36.00 0.00
M 2
A 70 30.00 0.00
A 60 31.31 0.00
A 50 30.00 0.00
A 40 132.00 0.12
A 30 133.97 0.20
A 20 152.00 0.20
A 10 152.00 0.00
A 0 152.00 0.00
A -10 155.24 0.40
A -20 175.79 0.39
A -30 95.00 0.33
A -40 94.00 0.00
A -50 194.00 0.60
A -60 200.00 5.60
A -70 89.45 0.40
M 2
A -70 100.00 0.00
A -60 206.00 0.00
A -50 178.00 8.18
A -40 91.24 0.14
A -30 90.00 0.00
A -20 176.00 0.61
A -10 154.00 0.05
A 0 150.00 0.02
A 10 148.00 0.00
A 20 137.00 0.61
A 30 44.00 0.08
A 40 34.00 0.00
A 50 30.00 0.00
A 60 26.72 0.00
A 70 26.00 0.00
M 2
A 70 28.00 0.00
A 60 30.76 0.28
A 50 30.00 0.05
A 40 125.55 0.16
A 30 128.00 0.00
A 20 127.00 0.40
A 10 144.00 0.08
A 0 144.76 0.15
A -10 166.00 0.84
A -20 172.00 0.20
A -30 174.00 0.00
A -40 174.00 0.00
A -50 203.24 0.13
A -60 178.59 0.20
A -70 206.00 2.20
M 2
A -70 140.00 0.20
A -60 199.00 1.80
A -50 88.00 0.20
A -40 86.00 0.00
A -30 86.00 0.00
A -20 166.00 0.06
A -10 156.00 1.00
A 0 142.00 0.00
A 10 142.00 0.20
A 20 141.00 0.20
A 30 45.38 0.20
A 40 44.00 0.00
A 50 125.79 0.20
A 60 25.97 0.20
A 70 24.00 0.00
T 0
A 70 24.00 0.00
A 60 24.00 0.00
A 50 124.83 0.20
A 40 44.00 0.01
A 30 46.00 0.01
A 20 141.00 0.20
A 10 141.90 0.03
A 0 142.00 0.02
A -10 158.00 0.80
A -20 166.00 0.00
A -30 86.86 0.20
A -40 86.00 0.20
A -50 84.00 0.20
A -60 200.00 0.00
A -70 142.00 0.00
T -70
A -70 70.41 0.19
A -60 82.00 0.01
A -50 80.00 0.00
A -40 100.00 0.11
A -30 98.00 0.00
A -20 98.00 0.00
A -10 103.00 0.20
A 0 135.66 0.20
A 10 200.00 0.12
A 20 180.34 0.20
A 30 88.00 0.00
A 40 88.00 0.00
A 50 170.31 0.20
A 60 144.00 0.04
A 70 142.00 0.00
M 2
A 70 144.00 0.00
A 60 146.00 0.20
A 50 160.00 0.00
A 40 81.90 0.26
A 30 82.17 0.20
A 20 172.00 0.00
A 10 175.72 0.40
A 0 136.00 0.04
A -10 132.00 0.00
A -20 92.00 0.00
A -30 86.00 0.00
A -40 88.00 0.00
A -50 72.00 0.18
A -60 68.00 0.00
A -70 66.00 0.00
M 2
A -70 67.79 0.20
A -60 70.00 0.00
A -50 74.00 0.00
A -40 88.00 0.00
A -30 90.00 0.00
A -20 90.00 0.00
A -10 92.69 0.20
A 0 170.00 0.00
A 10 172.00 0.00
A 20 167.10 0.20
A 30 168.00 0.00
A 40 73.79 0.20
A 50 158.00 0.00
A 60 147.00 0.20
A 70 144.00 0.00
M 2
A 70 150.00 0.01
A 60 154.00 0.13
A 50 154.00 0.00
A 40 70.00 0.14
A 30 162.00 9.39
A 20 188.00 0.60
A 10 164.00 0.20
A 0 168.00 0.20
A -10 90.00 0.00
A -20 86.00 0.00
A -30 86.00 0.00
A -40 86.00 0.00
A -50 78.00 0.40
A -60 70.00 0.00
A -70 68.00 0.00
M 2
A -70 66.00 0.00
A -60 68.00 0.00
A -50 70.00 0.00
A -40 84.00 0.00
A -30 84.00 0.00
A -20 84.00 0.00
A -10 86.00 0.00
A 0 151.03 6.80
A 10 162.00 0.17
A 20 166.00 0.00
A 30 66.00 0.00
A 40 64.00 0.20
A 50 154.00 0.20
A 60 153.00 0.20
A 70 154.00 0.20
M 2
A 70 150.00 0.00
A 60 154.00 0.00
A 50 152.00 0.40
A 40 60.00 0.00
A 30 63.03 0.10
A 20 160.00 0.00
A 10 158.00 0.00
A 0 88.48 0.20
A -10 82.00 0.00
A -20 79.59 0.04
A -30 78.00 0.03
A -40 74.00 0.00
A -50 70.00 0.05
A -60 68.00 0.00
A -70 66.00 0.00
M 2
A -70 66.00 0.00
A -60 66.00 0.00
A -50 68.00 0.00
A -40 72.00 0.00
A -30 76.00 0.07
A -20 74.00 0.20
A -10 78.00 0.00
A 0 144.97 0.20
A 10 154.00 1.13
A 20 158.41 0.20
A 30 166.00 0.00
A 40 56.00 0.20
A 50 62.00 0.00
A 60 148.00 0.00
A 70 148.00 0.20
M 2
A 70 149.76 0.20
A 60 152.00 0.18
A 50 80.00 0.18
A 40 79.59 0.20
A 30 154.00 0.13
A 20 154.00 0.00
A 10 139.59 0.20
A 0 138.00 0.20
A -10 149.00 0.40
A -20 74.00 0.00
A -30 72.41 0.08
A -40 72.00 0.00
A -50 68.00 0.00
A -60 67.52 0.20
A -70 66.00 0.00
M 2
A -70 66.00 0.00
A -60 66.00 0.00
A -50 69.52 0.20
A -40 68.00 0.00
A -30 70.00 0.00
A -20 72.00 0.00
A -10 80.00 0.00
A 0 124.48 0.20
A 10 138.00 0.00
A 20 168.00 0.06
A 30 147.00 0.20
A 40 74.00 0.00
A 50 144.00 0.00
A 60 146.00 0.00
A 70 146.00 0.00
M 2
A 70 140.00 0.00
A 60 140.00 0.12
A 50 56.76 0.00
A 40 54.00 0.00
A 30 74.00 7.27
A 20 148.00 0.00
A 10 166.00 0.00
A 0 132.00 0.20
A -10 77.66 0.16
A -20 71.31 0.07
A -30 81.00 0.20
A -40 68.00 0.00
A -50 66.00 0.01
A -60 65.52 0.05
A -70 64.00 0.00
M 2
A -70 64.00 0.00
A -60 64.00 0.10
A -50 64.00 0.00
A -40 64.00 0.00
A -30 70.00 0.00
A -20 92.00 0.04
A -10 90.00 0.20
A 0 121.79 0.20
A 10 148.00 0.06
A 20 162.00 0.19
A 30 142.00 0.00
A 40 140.00 0.00
A 50 56.00 0.00
A 60 62.24 0.25
A 70 140.00 0.00
M 2
A 70 138.00 0.10
A 60 136.97 0.20
A 50 50.00 0.00
A 40 46.00 0.00
A 30 140.00 0.20
A 20 141.62 0.08
A 10 144.00 0.00
A 0 94.00 0.00
A -10 84.76 0.00
A -20 74.00 0.19
A -30 68.00 0.00
A -40 64.00 0.00
A -50 64.00 0.00
A -60 64.00 0.10
A -70 64.00 0.00
M 2
A -70 69.10 0.11
A -60 74.66 0.20
A -50 64.00 0.00
A -40 198.86 0.20
A -30 84.00 0.00
A -20 84.00 0.00
A -10 84.00 0.17
A 0 96.00 0.00
A 10 154.00 0.14
A 20 151.38 0.20
A 30 142.10 0.80
A 40 50.00 0.00
A 50 40.00 0.20
A 60 44.00 0.00
A 70 134.00 0.09
M 2
A 70 136.00 0.06
A 60 34.34 0.00
A 50 138.00 9.94
A 40 142.00 0.00
A 30 131.86 0.00
A 20 130.00 0.20
A 10 132.00 0.20
A 0 96.41 0.20
A -10 96.00 0.00
A -20 71.31 0.00
A -30 68.00 0.00
A -40 84.00 0.00
A -50 61.10 0.12
A -60 63.66 0.20
A -70 68.00 0.00
M 2
A -70 64.00 0.00
A -60 58.00 0.00
A -50 56.00 0.15
A -40 56.00 0.20
A -30 60.00 0.00
A -20 64.97 0.10
A -10 75.86 0.01
A 0 96.00 0.19
A 10 112.00 0.08
A 20 130.00 0.00
A 30 124.00 0.19
A 40 135.00 0.06
A 50 26.00 0.19
A 60 26.00 0.00
A 70 134.00 0.26
M 2
A 70 22.00 0.00
A 60 20.00 0.00
A 50 32.00 0.04
A 40 140.00 0.20
A 30 127.59 0.20
A 20 136.97 0.20
A 10 123.00 0.60
A 0 91.38 0.20
A -10 86.00 0.00
A -20 68.00 0.00
A -30 62.00 0.00
A -40 56.00 0.17
A -50 54.00 0.00
A -60 54.00 0.00
A -70 54.00 0.00
T 40
A -70 64.00 0.00
A -60 70.00 0.00
A -50 70.00 0.20
A -40 156.00 0.20
A -30 118.00 0.13
A -20 144.00 0.07
A -10 122.00 0.03
A 0 140.00 0.00
A 10 22.72 0.20
A 20 24.00 0.15
A 30 24.00 0.00
A 40 24.00 0.15
A 50 26.00 0.00
A 60 124.00 0.17
A 70 120.00 0.00
T -40
A 70 22.00 0.00
A 60 20.00 0.00
A 50 33.14 0.20
A 40 140.00 0.00
A 30 126.00 0.20
A 20 135.93 0.06
A 10 124.14 0.20
A 0 92.00 0.00
A -10 84.00 0.00
A -20 66.24 0.20
A -30 61.24 0.08
A -40 56.00 0.00
A -50 52.90 0.00
A -60 54.00 0.00
A -70 54.00 0.00
T 40
A -70 64.00 0.20
A -60 68.76 0.20
A -50 71.31 0.07
A -40 154.00 0.13
A -30 122.00 0.00
A -20 146.00 0.20
A -10 124.55 0.00
A 0 138.00 0.00
A 10 24.00 0.03
A 20 24.00 0.00
A 30 24.00 0.00
A 40 24.00 0.00
A 50 26.00 0.00
A 60 124.00 0.14
A 70 98.03 2.00
T -40
A 70 20.00 0.15
A 60 20.00 0.00
A 50 32.21 0.03
A 40 140.00 0.00
A 30 125.38 0.17
A 20 136.00 0.40
A 10 126.00 0.00
A 0 88.00 0.40
A -10 85.00 0.20
A -20 66.00 0.06
A -30 62.76 0.08
A -40 56.00 0.00
A -50 54.00 0.00
A -60 54.00 0.00
A -70 54.00 0.00
T 40
A -70 64.00 0.00
A -60 68.00 0.04
A -50 72.00 0.00
A -40 154.00 0.21
A -30 124.00 0.19
A -20 143.66 0.22
A -10 124.00 0.00
A 0 138.00 0.00
A 10 22.72 0.20
A 20 24.00 0.00
A 30 24.00 0.04
A 40 24.76 0.18
A 50 26.00 0.00
A 60 125.76 0.20
A 70 118.00 0.20
T -40
A 70 20.00 0.00
A 60 20.00 0.00
A 50 32.00 0.25
A 40 138.69 0.20
A 30 124.00 0.00
A 20 136.34 0.38
A 10 124.00 0.00
A 0 92.00 0.03
A -10 86.00 0.01
A -20 68.00 0.00
A -30 62.76 0.00
A -40 56.00 0.00
A -50 54.00 0.00
A -60 52.00 0.00
A -70 55.00 0.20
M 2
A -70 52.00 0.00
A -60 52.00 0.00
A -50 52.00 0.00
A -40 55.72 0.20
A -30 64.00 0.10
A -20 64.00 0.00
A -10 70.00 0.40
A 0 144.00 0.15
A 10 146.00 0.25
A 20 142.00 0.20
A 30 124.00 0.00
A 40 130.03 0.66
A 50 34.00 0.20
A 60 28.00 0.00
A 70 29.00 0.20
M 2
A 70 24.00 0.00
A 60 26.00 0.00
A 50 36.55 0.11
A 40 134.00 0.20
A 30 140.00 0.20
A 20 138.03 0.20
A 10 103.66 0.20
A 0 78.17 0.20
A -10 68.00 0.20
A -20 64.00 0.07
A -30 62.52 0.20
A -40 54.00 0.02
A -50 52.00 0.00
A -60 50.00 0.13
A -70 52.00 0.00
T 30
A -70 52.00 0.20
A -60 64.00 0.00
A -50 64.00 0.10
A -40 70.00 0.01
A -30 80.00 0.20
A -20 139.03 0.20
A -10 142.00 0.02
A 0 136.00 0.00
A 10 123.00 0.20
A 20 36.00 0.00
A 30 26.00 0.00
A 40 28.00 0.06
A 50 23.72 0.06
A 60 24.00 0.00
A 70 25.00 0.05
T -10
A 70 20.00 0.00
A 60 20.00 0.00
A 50 22.00 0.00
A 40 30.00 0.00
A 30 36.00 0.00
A 20 128.00 0.00
A 10 137.76 0.20
A 0 140.00 0.20
A -10 137.00 3.40
A -20 78.00 0.00
A -30 70.00 0.00
A -40 64.00 0.00
A -50 64.00 0.00
A -60 54.00 0.00
A -70 52.00 0.00
T 0
A -70 51.79 0.20
A -60 54.00 0.01
A -50 64.00 0.00
A -40 64.00 0.00
A -30 69.00 0.20
A -20 78.00 0.00
A -10 138.00 0.00
A 0 138.00 0.00
A 10 136.00 0.10
A 20 126.00 0.00
A 30 37.66 0.20
A 40 30.00 0.05
A 50 23.31 0.20
A 60 20.00 0.00
A 70 20.00 0.00
T -10
A 70 20.00 0.00
A 60 26.00 0.10
A 50 29.10 0.20
A 40 34.00 0.00
A 30 134.00 0.00
A 20 138.00 0.00
A 10 138.00 0.00
A 0 100.00 0.20
A -10 80.00 0.01
A -20 69.66 0.03
A -30 64.00 0.00
A -40 64.00 0.00
A -50 54.00 0.00
A -60 50.86 0.20
A -70 51.86 0.20
T 10
A -70 52.00 0.00
A -60 53.93 0.20
A -50 64.00 0.00
A -40 64.00 0.00
A -30 70.00 0.00
A -20 78.00 0.00
A -10 138.00 0.05
A 0 140.00 0.03
A 10 136.00 0.00
A 20 125.83 0.20
A 30 38.00 0.20
A 40 30.00 0.00
A 50 22.00 0.06
A 60 20.76 0.18
A 70 20.00 0.00
T 0
A 70 20.00 0.00
A 60 20.00 0.00
A 50 22.00 0.00
A 40 30.00 0.08
A 30 36.00 0.00
A 20 128.00 0.19
A 10 136.00 0.07
A 0 140.00 0.20
A -10 138.00 0.12
A -20 78.00 0.00
A -30 70.00 0.17
A -40 64.00 0.00
A -50 64.00 0.00
A -60 54.00 0.00
A -70 52.00 0.00
M 2
A -70 52.00 0.00
A -60 52.00 0.00
A -50 54.00 0.00
A -40 70.00 0.00
A -30 70.00 0.00
A -20 74.93 0.20
A -10 132.00 0.14
A 0 132.00 0.00
A 10 135.86 0.20
A 20 128.00 0.11
A 30 34.00 0.00
A 40 27.59 0.16
A 50 30.00 0.00
A 60 18.00 0.01
A 70 22.00 0.00
T 10
A 70 16.00 0.00
A 60 16.00 0.00
A 50 26.00 0.00
A 40 34.00 0.00
A 30 31.86 0.20
A 20 32.00 0.14
A 10 128.83 0.20
A 0 132.00 0.00
A -10 134.00 0.00
A -20 134.00 0.20
A -30 74.00 0.20
A -40 70.00 0.00
A -50 64.00 0.00
A -60 54.00 0.13
A -70 52.00 0.00
T -20
A -70 50.00 0.00
A -60 50.00 0.00
A -50 52.00 0.00
A -40 54.00 0.20
A -30 72.00 0.00
A -20 70.00 0.00
A -10 74.00 0.00
A 0 133.69 0.06
A 10 136.00 0.00
A 20 134.00 0.00
A 30 128.00 0.20
A 40 38.00 0.00
A 50 32.00 0.08
A 60 28.00 0.31
A 70 20.00 0.00
T 10
A 70 22.00 0.20
A 60 18.00 0.00
A 50 30.00 0.09
A 40 30.00 0.00
A 30 36.00 0.00
A 20 128.00 0.00
A 10 134.00 0.09
A 0 132.00 0.00
A -10 134.00 0.20
A -20 74.00 0.23
A -30 70.00 0.08
A -40 71.00 0.20
A -50 54.00 0.00
A -60 52.00 0.00
A -70 52.00 0.06
T -10
A -70 50.00 0.00
A -60 50.00 0.00
A -50 52.00 0.00
A -40 54.83 0.14
A -30 72.00 0.00
A -20 70.00 0.00
A -10 74.00 0.00
A 0 134.00 0.00
A 10 136.00 0.00
A 20 134.00 0.00
A 30 128.00 0.20
A 40 38.00 0.00
A 50 32.00 0.00
A 60 31.00 0.20
A 70 20.00 0.20
T 10
A 70 22.00 0.00
A 60 18.00 0.00
A 50 30.00 0.00
A 40 30.00 0.00
A 30 36.00 0.00
A 20 128.83 0.20
A 10 134.00 0.00
A 0 132.00 0.00
A -10 132.00 0.00
A -20 72.69 0.08
A -30 70.00 0.00
A -40 72.00 0.00
A -50 54.72 0.20
A -60 52.00 0.00
A -70 52.00 0.00
T 10
A -70 52.00 0.00
A -60 54.00 0.09
A -50 64.00 0.08
A -40 70.00 0.00
A -30 74.38 0.00
A -20 136.00 0.00
A -10 134.00 0.00
A 0 132.00 0.00
A 10 129.83 0.20
A 20 34.34 0.03
A 30 32.00 0.00
A 40 34.34 0.03
A 50 28.00 0.10
A 60 16.21 0.00
A 70 16.00 0.00
M 2
A 70 16.00 0.00
A 60 23.17 0.00
A 50 23.66 0.20
A 40 26.00 0.20
A 30 30.00 0.09
A 20 124.00 0.00
A 10 128.00 0.00
A 0 130.00 0.14
A -10 128.00 0.00
A -20 99.03 0.73
A -30 80.00 0.03
A -40 77.00 0.20
A -50 66.45 0.00
A -60 58.00 0.17
A -70 52.00 0.00
T 0
A -70 52.00 0.00
A -60 56.00 0.00
A -50 66.00 0.10
A -40 78.00 0.00
A -30 80.00 0.17
A -20 97.59 0.61
A -10 128.00 0.00
A 0 130.00 0.00
A 10 128.00 0.00
A 20 124.00 0.00
A 30 28.00 0.00
A 40 26.00 0.00
A 50 22.00 0.16
A 60 22.00 0.20
A 70 16.00 0.20
T 0
A 70 16.00 0.00
A 60 22.00 0.17
A 50 23.66 0.20
A 40 25.97 0.20
A 30 28.00 0.00
A 20 124.00 0.00
A 10 128.00 0.00
A 0 131.66 0.20
A -10 128.00 0.06
A -20 96.00 0.80
A -30 80.00 0.20
A -40 76.55 0.20
A -50 66.00 0.00
A -60 58.00 0.00
A -70 52.00 0.07
T 0
A -70 52.00 0.00
A -60 56.00 0.00
A -50 67.17 0.10
A -40 78.00 0.02
A -30 82.00 0.00
A -20 95.00 0.20
A -10 128.00 0.00
A 0 130.00 0.00
A 10 128.00 0.00
A 20 124.00 0.14
A 30 28.00 0.00
A 40 26.00 0.20
A 50 22.72 0.00
A 60 22.00 0.00
A 70 16.00 0.00
T 0
A 70 16.00 0.00
A 60 22.00 0.00
A 50 22.00 0.14
A 40 26.00 0.20
A 30 28.00 0.00
A 20 124.28 0.20
A 10 128.00 0.00
A 0 130.00 0.02
A -10 128.00 0.00
A -20 98.00 2.00
A -30 83.31 0.20
A -40 80.00 0.00
A -50 66.00 0.00
A -60 58.00 0.05
A -70 52.00 0.00
T 0
A -70 52.00 0.00
A -60 56.00 0.00
A -50 67.03 0.03
A -40 76.90 0.20
A -30 80.00 0.20
A -20 94.86 1.00
A -10 128.00 0.00
A 0 130.00 0.00
A 10 128.00 0.00
A 20 124.69 0.00
A 30 28.00 0.00
A 40 25.62 0.20
A 50 23.66 0.20
A 60 22.00 0.00
A 70 16.00 0.00
T 0
A 70 16.00 0.00
A 60 22.00 0.00
A 50 22.00 0.00
A 40 24.97 0.20
A 30 28.00 0.06
A 20 124.00 0.14
A 10 128.00 0.00
A 0 132.00 0.20
A -10 128.00 0.00
A -20 103.00 1.78
A -30 81.00 0.20
A -40 80.00 0.00
A -50 68.00 0.00
A -60 58.00 0.00
A -70 52.00 0.00
T 45
A -70 92.00 0.00
A -60 97.00 0.20
A -50 128.00 0.00
A -40 125.00 0.12
A -30 36.00 0.40
A -20 32.00 0.00
A -10 24.00 0.00
A 0 24.00 0.00
A 10 16.00 0.00
A 20 20.00 0.00
A 30 14.38 0.20
A 40 14.00 0.00
A 50 111.93 0.40
A 60 90.00 0.00
A 70 88.00 0.11
T 45
A 70 108.00 0.00
A 60 104.00 0.40
A 50 91.31 0.14
A 40 88.00 0.00
A 30 86.72 0.20
A 20 88.00 0.11
A 10 16.21 0.00
A 0 122.31 0.09
A -10 21.38 0.20
A -20 16.00 0.00
A -30 16.00 0.00
A -40 24.00 0.00
A -50 22.00 0.14
A -60 30.66 0.13
A -70 36.00 0.26
T 45
A -70 16.00 0.00
A -60 18.00 0.20
A -50 16.00 0.00
A -40 124.34 0.20
A -30 88.48 0.20
A -20 88.00 0.00
A -10 86.00 0.00
A 0 86.00 0.20
A 10 88.00 0.00
A 20 92.00 0.00
A 30 106.00 0.00
A 40 108.00 0.00
A 50 108.00 0.00
A 60 88.00 0.20
A 70 82.00 0.09
M 2
A 70 83.03 0.40
A 60 94.00 0.00
A 50 104.48 0.10
A 40 104.00 0.00
A 30 104.00 0.00
A 20 86.00 0.00
A 10 84.00 0.00
A 0 83.66 0.20
A -10 82.00 0.00
A -20 84.00 0.00
A -30 84.00 0.00
A -40 116.00 0.00
A -50 18.00 0.01
A -60 20.00 0.00
A -70 18.00 0.00
T -40
A -70 32.00 0.12
A -60 30.00 0.08
A -50 18.00 0.00
A -40 16.00 0.00
A -30 16.00 0.00
A -20 16.00 0.00
A -10 121.90 0.20
A 0 90.00 0.20
A 10 86.00 0.20
A 20 84.00 0.00
A 30 84.00 0.12
A 40 84.00 0.00
A 50 84.00 0.00
A 60 100.00 0.06
A 70 104.00 0.10
T -10
A 70 103.17 0.13
A 60 90.00 0.10
A 50 84.00 0.00
A 40 84.00 0.00
A 30 84.00 0.00
A 20 84.00 0.00
A 10 90.00 0.00
A 0 118.00 0.00
A -10 18.00 0.09
A -20 16.00 0.00
A -30 26.00 0.00
A -40 22.00 0.00
A -50 26.00 0.00
A -60 28.00 0.60
A -70 130.00 0.21
T -70
A -70 60.76 0.17
A -60 70.00 0.00
A -50 98.00 0.23
A -40 100.00 0.14
A -30 132.00 0.00
A -20 131.10 0.20
A -10 136.00 0.15
A 0 132.00 0.00
A 10 180.00 0.23
A 20 126.00 0.00
A 30 23.86 0.20
A 40 134.00 0.00
A 50 138.90 0.00
A 60 134.00 0.00
A 70 120.00 0.20
T 50
A 70 86.00 0.00
A 60 84.00 0.00
A 50 84.00 0.00
A 40 86.00 0.00
A 30 90.00 0.00
A 20 124.00 0.39
A 10 132.00 0.00
A 0 16.00 0.00
A -10 138.00 0.00
A -20 23.52 0.00
A -30 20.00 0.20
A -40 16.00 0.00
A -50 136.00 0.31
A -60 128.07 0.20
A -70 130.45 0.20
T -10
A -70 114.00 0.20
A -60 130.31 0.20
A -50 132.00 0.51
A -40 124.00 0.20
A -30 20.00 0.00
A -20 20.00 0.00
A -10 122.00 0.03
A 0 140.00 0.00
A 10 132.00 0.00
A 20 132.00 0.04
A 30 122.00 0.01
A 40 94.66 0.20
A 50 86.00 0.20
A 60 84.00 0.00
A 70 84.00 0.00
T 0
A 70 84.00 0.00
A 60 84.00 0.00
A 50 85.79 0.20
A 40 94.00 0.10
A 30 122.00 0.20
A 20 132.00 0.00
A 10 132.00 0.00
A 0 140.00 0.00
A -10 26.00 0.06
A -20 20.00 0.00
A -30 19.72 0.20
A -40 122.00 0.12
A -50 132.55 0.60
A -60 130.00 0.19
A -70 114.00 0.00
T 45
A -70 24.00 0.00
A -60 18.00 0.16
A -50 15.86 0.12
A -40 134.00 0.20
A -30 134.21 0.14
A -20 124.07 0.20
A -10 118.00 0.00
A 0 86.00 0.00
A 10 84.00 0.00
A 20 82.00 0.00
A 30 84.00 0.00
A 40 84.00 0.14
A 50 90.00 0.20
A 60 104.00 0.00
A 70 104.00 0.00
M 2
A 70 100.00 0.00
A 60 100.00 0.00
A 50 86.00 0.09
A 40 78.00 0.20
A 30 78.00 0.00
A 20 78.00 0.00
A 10 78.00 0.00
A 0 82.00 0.02
A -10 114.00 0.08
A -20 120.00 0.20
A -30 131.86 0.00
A -40 129.38 0.00
A -50 18.00 0.00
A -60 14.00 0.00
A -70 24.00 0.00
T -30
A -70 128.00 0.00
A -60 124.41 0.20
A -50 16.00 0.00
A -40 20.00 0.00
A -30 24.00 0.12
A -20 30.00 0.20
A -10 16.00 0.10
A 0 128.00 0.00
A 10 128.00 0.00
A 20 116.69 0.20
A 30 82.00 0.20
A 40 80.00 0.00
A 50 80.00 0.00
A 60 80.00 0.00
A 70 82.00 0.20
T -70
A 70 133.62 0.20
A 60 128.00 0.18
A 50 122.00 0.00
A 40 20.00 0.00
A 30 18.00 0.00
A 20 22.00 0.00
A 10 28.00 0.00
A 0 134.00 0.00
A -10 121.00 0.23
A -20 104.00 0.00
A -30 99.72 0.20
A -40 78.00 0.00
A -50 76.76 0.20
A -60 64.00 0.00
A -70 60.00 0.06
T 0
A -70 60.00 0.00
A -60 64.00 0.00
A -50 76.00 0.00
A -40 80.00 0.43
A -30 98.00 0.20
A -20 102.00 0.00
A -10 120.83 0.20
A 0 134.00 0.01
A 10 25.00 0.26
A 20 22.00 0.00
A 30 18.00 0.00
A 40 20.00 0.20
A 50 120.00 0.14
A 60 124.00 0.11
A 70 133.93 0.01
T 0
A 70 133.00 0.20
A 60 126.90 0.20
A 50 122.00 0.20
A 40 20.00 0.00
A 30 18.00 0.08
A 20 20.62 0.12
A 10 29.28 0.22
A 0 132.07 0.20
A -10 118.55 0.40
A -20 104.00 0.00
A -30 99.59 0.17
A -40 78.00 0.05
A -50 76.00 0.00
A -60 64.00 0.03
A -70 60.00 0.00
T 70
A -70 120.00 0.52
A -60 134.00 0.19
A -50 134.00 0.10
A -40 122.00 0.20
A -30 118.00 0.20
A -20 118.00 0.16
A -10 122.00 0.02
A 0 124.00 0.00
A 10 126.00 0.00
A 20 112.00 0.20
A 30 84.00 0.08
A 40 80.00 0.00
A 50 80.00 0.00
A 60 80.00 0.00
A 70 80.00 0.00
M 2
A 70 78.00 0.00
A 60 76.90 0.20
A 50 77.90 0.20
A 40 78.00 0.00
A 30 84.00 0.07
A 20 126.00 0.16
A 10 124.00 0.00
A 0 128.00 0.00
A -10 121.00 0.80
A -20 118.00 0.00
A -30 118.00 0.00
A -40 26.90 0.10
A -50 20.00 0.00
A -60 41.03 0.80
A -70 132.00 0.00
T -70
A -70 64.14 0.12
A -60 75.93 0.20
A -50 79.59 0.00
A -40 80.00 0.00
A -30 100.00 0.00
A -20 104.00 0.12
A -10 111.66 0.20
A 0 22.00 0.16
A 10 18.00 0.00
A 20 16.00 0.00
A 30 19.31 0.27
A 40 116.00 0.01
A 50 118.00 0.00
A 60 118.00 0.20
A 70 128.00 0.00
T 70
A 70 78.00 0.00
A 60 78.00 0.00
A 50 76.00 0.18
A 40 78.00 0.00
A 30 82.52 0.20
A 20 124.00 0.00
A 10 124.00 0.00
A 0 128.00 0.00
A -10 119.52 0.20
A -20 116.00 0.00
A -30 114.00 0.00
A -40 115.38 0.20
A -50 16.00 0.00
A -60 20.90 0.40
A -70 132.00 0.19
T -70
A -70 66.00 0.00
A -60 75.86 0.01
A -50 78.00 0.16
A -40 80.00 0.00
A -30 100.00 0.00
A -20 104.00 0.20
A -10 110.00 0.19
A 0 136.00 0.06
A 10 134.00 0.00
A 20 118.00 0.00
A 30 118.00 0.00
A 40 116.00 0.07
A 50 116.00 0.20
A 60 118.00 0.17
A 70 128.00 0.00
M 2
A 70 116.00 0.00
A 60 118.00 0.00
A 50 116.00 0.00
A 40 16.00 0.00
A 30 16.00 0.12
A 20 16.00 0.00
A 10 16.00 0.00
A 0 16.00 0.20
A -10 114.00 0.00
A -20 110.00 0.20
A -30 98.00 0.00
A -40 91.31 0.20
A -50 84.00 0.14
A -60 81.59 0.20
A -70 65.52 0.00
T 60
A -70 110.86 0.17
A -60 130.00 1.00
A -50 16.00 0.00
A -40 20.00 0.00
A -30 14.00 0.00
A -20 12.00 0.00
A -10 12.00 0.00
A 0 18.00 0.00
A 10 124.00 0.00
A 20 126.00 0.00
A 30 124.00 0.00
A 40 130.00 0.20
A 50 82.00 0.00
A 60 80.00 0.00
A 70 80.00 0.00
T -60
A 70 118.00 0.01
A 60 118.00 0.00
A 50 114.00 0.19
A 40 16.00 0.00
A 30 126.62 0.67
A 20 138.00 0.20
A 10 138.00 0.08
A 0 128.00 0.00
A -10 110.59 0.20
A -20 110.00 0.00
A -30 98.00 0.00
A -40 91.00 0.23
A -50 84.00 0.00
A -60 80.00 0.00
A -70 65.52 0.05
T 10
A -70 80.00 0.00
A -60 84.00 0.00
A -50 88.00 0.01
A -40 96.00 0.00
A -30 108.00 0.00
A -20 112.00 0.00
A -10 129.93 0.20
A 0 128.00 0.00
A 10 18.00 0.00
A 20 18.00 0.00
A 30 116.97 0.12
A 40 116.00 0.00
A 50 118.00 0.06
A 60 124.00 0.20
A 70 118.00 0.00
T -10
A 70 118.00 0.00
A 60 118.00 0.00
A 50 115.93 0.20
A 40 16.00 0.00
A 30 123.90 0.43
A 20 138.00 0.00
A 10 142.00 0.20
A 0 128.00 0.00
A -10 110.03 0.20
A -20 109.55 0.20
A -30 98.00 0.00
A -40 92.00 0.20
A -50 84.00 0.00
A -60 80.00 0.00
A -70 64.00 0.00
T 10
A -70 80.00 0.00
A -60 84.00 0.20
A -50 88.00 0.00
A -40 96.00 0.00
A -30 108.00 0.00
A -20 112.00 0.00
A -10 130.00 0.01
A 0 24.00 0.80
A 10 14.00 0.08
A 20 14.00 0.00
A 30 117.00 0.10
A 40 116.00 0.00
A 50 118.00 0.00
A 60 124.97 0.20
A 70 116.48 0.12
T -10
A 70 118.00 0.20
A 60 118.00 0.00
A 50 116.00 0.00
A 40 16.00 0.00
A 30 120.00 0.20
A 20 138.00 0.15
A 10 139.72 0.20
A 0 128.00 0.00
A -10 110.00 0.00
A -20 110.00 0.14
A -30 98.00 0.00
A -40 92.00 0.20
A -50 84.00 0.00
A -60 80.00 0.20
A -70 66.00 0.20
T 45
A -70 98.00 0.00
A -60 108.00 0.00
A -50 117.76 0.40
A -40 134.00 0.00
A -30 117.69 0.20
A -20 20.00 0.00
A -10 18.00 0.00
A 0 116.00 0.00
A 10 116.00 0.00
A 20 125.90 0.74
A 30 124.00 0.20
A 40 128.00 0.00
A 50 124.69 0.20
A 60 84.48 0.20
A 70 82.00 0.00
T 45
A 70 98.00 0.10
A 60 82.00 0.20
A 50 80.00 0.00
A 40 78.00 0.16
A 30 80.00 0.00
A 20 82.00 0.20
A 10 127.79 0.14
A 0 124.00 0.00
A -10 124.00 0.00
A -20 125.38 0.00
A -30 16.00 0.00
A -40 16.00 0.00
A -50 16.97 0.20
A -60 22.00 0.20
A -70 20.00 0.00
T 45
A -70 16.00 0.00
A -60 126.00 0.17
A -50 126.00 0.05
A -40 128.00 0.00
A -30 81.00 0.09
A -20 79.03 0.11
A -10 78.00 0.00
A 0 78.00 0.00
A 10 78.45 0.20
A 20 80.00 0.00
A 30 90.00 0.20
A 40 104.00 0.00
A 50 106.00 0.00
A 60 110.00 0.00
A 70 98.00 0.00
M 2
A 70 90.00 0.00
A 60 100.00 0.00
A 50 102.00 0.00
A 40 100.00 0.00
A 30 84.00 0.04
A 20 76.76 0.00
A 10 74.00 0.00
A 0 74.00 0.00
A -10 74.00 0.00
A -20 74.00 0.00
A -30 78.07 0.01
A -40 114.00 0.12
A -50 126.00 0.00
A -60 124.00 0.00
A -70 128.00 0.00
M 2
A -70 118.00 0.00
A -60 120.00 0.00
A -50 113.41 0.40
A -40 126.00 0.00
A -30 72.62 0.20
A -20 70.00 0.00
A -10 70.00 0.00
A 0 71.31 0.00
A 10 70.00 0.00
A 20 72.00 0.00
A 30 80.00 0.01
A 40 96.00 0.00
A 50 98.00 0.02
A 60 104.00 0.00
A 70 110.00 0.00
M 2
A 70 142.00 0.00
A 60 100.00 0.00
A 50 96.00 0.00
A 40 94.93 0.20
A 30 82.93 0.20
A 20 70.00 0.20
A 10 68.00 0.00
A 0 66.00 0.00
A -10 66.00 0.09
A -20 66.00 0.00
A -30 70.00 0.00
A -40 98.00 0.12
A -50 117.00 0.40
A -60 120.00 0.03
A -70 118.00 0.16
M 2
A -70 118.00 0.00
A -60 112.00 0.08
A -50 106.00 0.00
A -40 107.59 0.20
A -30 66.00 0.00
A -20 64.00 0.00
A -10 64.00 0.00
A 0 64.00 0.00
A 10 64.00 0.00
A 20 68.00 0.00
A 30 90.00 0.00
A 40 92.00 0.00
A 50 108.00 0.00
A 60 104.00 0.00
A 70 97.24 0.20
M 2
A 70 106.00 0.20
A 60 108.00 0.00
A 50 89.00 0.20
A 40 86.00 0.00
A 30 76.00 0.20
A 20 75.00 0.20
A 10 62.00 0.01
A 0 58.00 0.20
A -10 58.00 0.00
A -20 59.24 0.14
A -30 60.00 0.00
A -40 98.00 0.00
A -50 98.00 0.12
A -60 104.00 0.03
A -70 118.00 0.13
M 2
A -70 104.00 0.00
A -60 99.00 0.20
A -50 100.00 0.00
A -40 61.24 0.20
A -30 56.00 0.00
A -20 54.00 0.00
A -10 54.00 0.00
A 0 54.00 0.00
A 10 56.00 0.00
A 20 60.00 0.00
A 30 70.00 0.00
A 40 85.93 0.01
A 50 84.21 0.20
A 60 92.00 0.14
A 70 109.52 0.15
M 2
A 70 100.00 0.00
A 60 108.00 0.20
A 50 84.00 0.00
A 40 80.00 0.00
A 30 78.00 1.00
A 20 54.00 0.05
A 10 50.00 0.00
A 0 50.00 0.00
A -10 50.00 0.00
A -20 50.00 0.00
A -30 52.00 0.00
A -40 92.00 0.17
A -50 96.00 0.00
A -60 96.00 0.20
A -70 104.00 0.37
M 2
A -70 124.00 0.00
A -60 94.00 0.01
A -50 91.72 0.20
A -40 52.14 0.20
A -30 48.00 0.04
A -20 46.00 0.00
A -10 46.00 0.00
A 0 46.00 0.00
A 10 46.86 0.20
A 20 50.00 0.00
A 30 80.00 0.20
A 40 78.00 0.00
A 50 80.00 0.40
A 60 98.00 0.00
A 70 92.00 0.20
M 2
A 70 90.00 0.00
A 60 90.00 0.00
A 50 80.00 0.03
A 40 78.00 0.00
A 30 126.00 0.00
A 20 46.00 0.00
A 10 44.00 0.00
A 0 44.00 0.01
A -10 43.93 0.01
A -20 44.00 0.00
A -30 44.00 0.00
A -40 84.00 0.00
A -50 86.00 0.00
A -60 90.00 0.00
A -70 128.00 0.00
M 2
A -70 96.00 0.00
A -60 84.55 0.20
A -50 84.00 0.00
A -40 44.00 0.04
A -30 40.00 0.00
A -20 39.59 0.00
A -10 38.00 0.00
A 0 38.00 0.00
A 10 40.00 0.00
A 20 42.00 0.00
A 30 86.90 0.13
A 40 78.00 0.03
A 50 78.00 0.00
A 60 82.00 0.00
A 70 98.00 0.10
M 2
A 70 78.00 0.20
A 60 76.00 0.00
A 50 75.86 0.20
A 40 52.00 0.14
A 30 56.00 0.00
A 20 38.52 0.12
A 10 34.00 0.00
A 0 34.00 0.00
A -10 34.00 0.00
A -20 36.00 0.01
A -30 36.00 0.00
A -40 44.90 0.00
A -50 80.00 0.00
A -60 82.00 0.03
A -70 92.28 0.20
M 2
A -70 84.00 0.00
A -60 78.00 0.06
A -50 78.00 0.00
A -40 37.10 0.00
A -30 32.00 0.00
A -20 30.00 0.00
A -10 30.00 0.00
A 0 30.00 0.00
A 10 32.00 0.00
A 20 34.00 0.00
A 30 46.00 0.00
A 40 60.00 0.40
A 50 68.00 0.14
A 60 74.00 0.00
A 70 82.00 0.20
M 2
A 70 70.00 0.00
A 60 66.00 0.00
A 50 68.00 0.00
A 40 40.34 0.19
A 30 38.59 0.20
A 20 34.00 0.09
A 10 26.00 0.00
A 0 28.00 0.00
A -10 28.00 0.10
A -20 28.00 0.00
A -30 28.00 0.00
A -40 154.00 0.00
A -50 74.00 0.00
A -60 78.00 0.00
A -70 82.00 3.60
M 2
A -70 112.00 0.00
A -60 146.00 0.05
A -50 36.00 0.00
A -40 26.00 0.00
A -30 22.00 0.17
A -20 20.00 0.00
A -10 20.00 0.00
A 0 20.00 0.00
A 10 24.00 0.00
A 20 24.00 0.00
A 30 30.00 0.16
A 40 62.00 0.02
A 50 66.00 0.10
A 60 66.00 0.14
A 70 84.00 0.00
T -60
A 70 28.97 0.03
A 60 20.76 0.20
A 50 22.00 0.02
A 40 23.72 0.20
A 30 23.72 0.20
A 20 30.00 0.05
A 10 32.00 0.00
A 0 91.00 1.40
A -10 86.00 0.00
A -20 94.00 0.00
A -30 113.90 0.20
A -40 118.00 0.00
A -50 128.00 0.00
A -60 128.00 0.00
A -70 134.00 0.20
T -70
A -70 104.00 0.00
A -60 106.00 0.01
A -50 108.00 0.04
A -40 134.00 0.00
A -30 62.00 0.00
A -20 64.00 0.00
A -10 70.00 0.00
A 0 130.00 0.00
A 10 128.00 0.00
A 20 128.00 0.06
A 30 124.00 0.20
A 40 114.00 0.20
A 50 114.00 0.13
A 60 76.00 0.00
A 70 74.00 0.00
M 2
A 70 74.00 0.00
A 60 76.00 0.00
A 50 80.00 0.00
A 40 124.00 0.01
A 30 124.00 0.00
A 20 122.00 0.00
A 10 124.00 0.00
A 0 126.00 0.03
A -10 128.00 0.20
A -20 134.45 0.20
A -30 138.00 0.20
A -40 132.00 0.01
A -50 132.00 0.01
A -60 108.00 0.20
A -70 102.00 0.00
M 2
A -70 104.00 0.00
A -60 107.00 0.20
A -50 116.00 0.00
A -40 58.00 0.02
A -30 56.00 0.12
A -20 132.00 0.01
A -10 128.00 0.17
A 0 122.00 0.00
A 10 118.00 0.19
A 20 118.00 0.00
A 30 118.79 0.20
A 40 120.00 0.00
A 50 112.00 0.00
A 60 74.00 0.20
A 70 72.00 0.00
M 2
A 70 70.00 0.00
A 60 75.00 0.20
A 50 118.00 0.00
A 40 110.00 0.00
A 30 116.41 0.08
A 20 114.00 0.00
A 10 116.00 0.01
A 0 118.00 0.00
A -10 124.00 0.11
A -20 130.00 0.00
A -30 132.00 0.20
A -40 132.00 0.80
A -50 122.00 0.00
A -60 108.00 0.44
A -70 104.00 0.00
M 2
A -70 104.00 0.10
A -60 108.00 0.15
A -50 126.00 0.00
A -40 54.00 0.09
A -30 128.00 0.00
A -20 72.07 0.20
A -10 70.00 0.20
A 0 112.00 0.00
A 10 112.00 0.00
A 20 110.00 0.00
A 30 112.00 0.00
A 40 110.66 0.00
A 50 112.00 0.00
A 60 96.00 0.00
A 70 138.00 0.00
M 2
A 70 78.00 0.00
A 60 80.00 0.00
A 50 90.00 0.00
A 40 98.00 0.00
A 30 106.00 0.00
A 20 108.00 0.00
A 10 108.00 0.00
A 0 108.00 0.00
A -10 52.07 0.00
A -20 48.00 0.00
A -30 44.00 0.00
A -40 42.00 0.00
A -50 49.69 0.20
A -60 118.00 0.19
A -70 106.00 0.00
M 2
A -70 106.00 0.00
A -60 124.00 0.01
A -50 42.00 0.02
A -40 38.00 0.16
A -30 48.00 0.20
A -20 56.00 0.00
A -10 58.00 0.00
A 0 104.00 0.00
A 10 104.00 0.00
A 20 104.00 0.00
A 30 102.00 0.20
A 40 100.00 0.00
A 50 96.00 0.20
A 60 80.00 0.00
A 70 74.17 0.03
M 2
A 70 79.86 0.20
A 60 78.00 0.00
A 50 84.00 0.00
A 40 100.00 0.58
A 30 98.66 0.00
A 20 100.00 0.00
A 10 100.00 0.00
A 0 101.66 0.20
A -10 56.00 0.40
A -20 56.00 0.00
A -30 38.00 0.00
A -40 36.00 0.00
A -50 38.00 0.00
A -60 44.00 0.00
A -70 122.00 0.40
M 2
A -70 110.00 0.00
A -60 36.55 0.09
A -50 32.00 0.00
A -40 34.00 0.00
A -30 36.00 0.01
A -20 38.00 0.00
A -10 56.00 0.00
A 0 64.00 0.00
A 10 98.00 0.08
A 20 96.14 0.20
A 30 94.72 0.20
A 40 98.00 0.00
A 50 88.00 0.07
A 60 79.10 0.00
A 70 70.00 0.00
M 2
A 70 72.00 0.00
A 60 86.00 0.00
A 50 86.00 0.00
A 40 90.00 0.20
A 30 92.00 0.00
A 20 92.00 0.00
A 10 92.00 0.00
A 0 94.00 0.14
A -10 50.00 0.08
A -20 40.14 0.01
A -30 38.00 0.20
A -40 32.00 0.00
A -50 30.00 0.00
A -60 28.48 0.20
A -70 110.00 7.00
M 2
A -70 30.00 0.00
A -60 52.00 0.10
A -50 28.28 0.06
A -40 34.00 0.00
A -30 32.00 0.00
A -20 40.00 0.00
A -10 42.00 0.20
A 0 90.00 0.19
A 10 90.00 0.00
A 20 88.00 0.00
A 30 88.00 0.00
A 40 88.00 0.11
A 50 88.00 0.00
A 60 84.69 0.14
A 70 84.00 0.00
M 2
A 70 84.00 0.00
A 60 84.00 0.14
A 50 85.00 0.20
A 40 86.00 0.00
A 30 85.66 0.20
A 20 84.00 0.00
A 10 86.00 0.00
A 0 90.00 0.00
A -10 40.00 0.17
A -20 39.00 0.20
A -30 30.00 0.00
A -40 31.52 0.20
A -50 24.00 0.00
A -60 24.00 0.00
A -70 24.00 0.00
T 0
A -70 24.00 0.00
A -60 24.00 0.00
A -50 24.00 0.00
A -40 30.00 0.00
A -30 30.00 0.00
A -20 40.00 0.18
A -10 40.00 0.17
A 0 90.00 0.00
A 10 86.00 0.00
A 20 84.00 0.17
A 30 84.00 0.19
A 40 86.00 0.00
A 50 86.00 0.00
A 60 84.00 0.00
A 70 84.00 0.00
T 0
A 70 84.00 0.00
A 60 85.45 0.20
A 50 86.00 0.00
A 40 86.00 0.00
A 30 85.93 0.20
A 20 84.90 0.19
A 10 86.00 0.16
A 0 88.97 0.20
A -10 40.00 0.00
A -20 40.00 0.00
A -30 30.00 0.00
A -40 32.00 0.20
A -50 24.00 0.00
A -60 24.00 0.00
A -70 24.00 0.00
T 0
A -70 24.00 0.00
A -60 24.00 0.00
A -50 24.00 0.00
A -40 31.79 0.20
A -30 30.00 0.00
A -20 40.00 0.00
A -10 42.00 0.20
A 0 90.00 0.00
A 10 87.93 0.04
A 20 84.00 0.00
A 30 84.00 0.19
A 40 86.00 0.00
A 50 86.00 0.00
A 60 84.00 0.00
A 70 84.00 0.00
T 0
A 70 85.07 0.20
A 60 86.00 0.20
A 50 86.00 0.00
A 40 86.00 0.00
A 30 84.41 0.00
A 20 84.00 0.00
A 10 86.00 0.00
A 0 90.00 0.20
A -10 40.00 0.17
A -20 40.00 0.00
A -30 30.00 0.00
A -40 32.00 0.20
A -50 24.00 0.00
A -60 24.00 0.00
A -70 24.00 0.00
T 0
A -70 24.00 0.00
A -60 24.00 0.00
A -50 24.00 0.01
A -40 30.00 0.13
A -30 30.00 0.00
A -20 40.00 0.00
A -10 40.00 0.17
A 0 90.00 0.00
A 10 86.00 0.20
A 20 84.00 0.19
A 30 84.00 0.20
A 40 86.00 0.16
A 50 86.00 0.00
A 60 84.00 0.00
A 70 86.00 0.06
T 0
A 70 84.00 0.08
A 60 86.00 0.00
A 50 86.00 0.00
A 40 86.00 0.00
A 30 85.93 0.09
A 20 84.00 0.00
A 10 86.79 0.00
A 0 89.00 0.03
A -10 41.66 0.00
A -20 40.00 0.00
A -30 30.00 0.00
A -40 32.00 0.07
A -50 24.00 0.00
A -60 24.00 0.00
A -70 24.00 0.00
M 2
A -70 22.00 0.00
A -60 24.00 0.00
A -50 24.00 0.00
A -40 24.00 0.00
A -30 32.00 0.00
A -20 34.00 0.00
A -10 44.00 0.00
A 0 88.00 0.20
A 10 84.00 0.00
A 20 84.00 0.20
A 30 82.00 0.00
A 40 82.00 0.00
A 50 82.00 0.00
A 60 80.00 0.00
A 70 80.00 0.00
T 0
A 70 78.00 0.10
A 60 80.00 0.00
A 50 80.00 0.00
A 40 82.00 0.00
A 30 82.00 0.00
A 20 84.00 0.20
A 10 84.00 0.00
A 0 86.00 0.00
A -10 44.00 0.00
A -20 33.38 0.00
A -30 32.00 0.00
A -40 26.00 0.07
A -50 24.00 0.00
A -60 24.00 0.00
A -70 22.00 0.20
T 0
A -70 22.72 0.00
A -60 24.00 0.00
A -50 24.00 0.00
A -40 24.00 0.00
A -30 33.79 0.18
A -20 32.00 0.14
A -10 44.00 0.00
A 0 86.00 0.00
A 10 84.00 0.00
A 20 84.00 0.00
A 30 82.00 0.00
A 40 82.00 0.00
A 50 82.00 0.00
A 60 80.00 0.00
A 70 80.00 0.00
T 0
A 70 80.00 0.07
A 60 80.00 0.00
A 50 81.97 0.02
A 40 82.00 0.00
A 30 82.00 0.00
A 20 83.17 0.20
A 10 84.00 0.00
A 0 86.00 0.00
A -10 44.00 0.00
A -20 32.00 0.01
A -30 32.00 0.00
A -40 25.97 0.20
A -50 24.00 0.15
A -60 24.00 0.00
A -70 22.79 0.20
T 0
A -70 22.00 0.00
A -60 24.00 0.00
A -50 24.00 0.15
A -40 24.00 0.00
A -30 33.52 0.16
A -20 33.24 0.12
A -10 44.00 0.00
A 0 86.00 0.00
A 10 84.00 0.00
A 20 82.79 0.20
A 30 82.00 0.00
A 40 82.00 0.00
A 50 82.00 0.00
A 60 80.00 0.00
A 70 80.00 0.00
T 0
A 70 80.00 0.00
A 60 80.00 0.00
A 50 80.00 0.11
A 40 82.00 0.00
A 30 82.00 0.00
A 20 82.00 0.00
A 10 84.00 0.00
A 0 88.00 0.19
A -10 44.00 0.00
A -20 32.00 0.00
A -30 32.00 0.00
A -40 26.00 0.00
A -50 24.00 0.00
A -60 24.00 0.00
A -70 22.00 0.20
T 0
A -70 22.00 0.13
A -60 23.72 0.20
A -50 24.00 0.00
A -40 24.00 0.00
A -30 34.00 0.06
A -20 32.00 0.00
A -10 44.00 0.00
A 0 86.00 0.00
A 10 84.00 0.00
A 20 82.00 0.00
A 30 82.00 0.00
A 40 82.00 0.00
A 50 82.00 0.00
A 60 80.00 0.00
A 70 80.00 0.00
T 45
A 70 54.00 0.00
A 60 56.00 0.20
A 50 66.00 0.02
A 40 66.00 0.14
A 30 80.00 0.00
A 20 79.00 0.20
A 10 78.00 0.17
A 0 84.00 0.00
A -10 82.00 0.09
A -20 82.00 0.00
A -30 84.00 0.01
A -40 84.00 0.06
A -50 94.00 0.00
A -60 35.86 0.01
A -70 35.86 0.00
M 2
A -70 38.00 0.00
A -60 38.00 0.00
A -50 90.00 0.20
A -40 84.00 0.00
A -30 80.00 0.00
A -20 78.00 0.00
A -10 78.00 0.00
A 0 79.59 0.04
A 10 76.83 0.20
A 20 75.86 0.00
A 30 74.00 0.00
A 40 70.00 0.00
A 50 64.00 0.00
A 60 60.00 0.00
A 70 55.45 0.20
M 2
A 70 54.00 0.00
A 60 65.52 0.15
A 50 62.00 0.00
A 40 64.00 0.00
A 30 69.76 0.20
A 20 71.31 0.13
A 10 72.00 0.07
A 0 80.00 0.11
A -10 74.00 0.00
A -20 74.00 0.00
A -30 76.00 0.00
A -40 80.00 0.00
A -50 87.72 0.20
A -60 90.00 0.00
A -70 40.00 0.17
M 2
A -70 52.00 0.14
A -60 92.00 0.00
A -50 86.00 0.00
A -40 74.00 0.20
A -30 70.00 0.00
A -20 70.00 0.00
A -10 70.00 0.00
A 0 76.00 0.15
A 10 68.00 0.20
A 20 66.00 0.00
A 30 62.76 0.12
A 40 60.00 0.08
A 50 59.00 0.20
A 60 58.00 0.20
A 70 60.00 0.08
M 2
A 70 54.00 0.00
A 60 54.00 0.00
A 50 56.00 0.00
A 40 58.00 0.00
A 30 58.00 0.00
A 20 64.00 0.00
A 10 66.00 0.05
A 0 68.00 0.20
A -10 68.00 0.00
A -20 66.00 0.10
A -30 66.00 0.00
A -40 68.00 0.00
A -50 76.00 0.20
A -60 94.00 0.29
A -70 46.72 0.14
M 2
A -70 108.00 0.00
A -60 88.00 0.07
A -50 72.41 0.20
A -40 64.00 0.15
A -30 64.00 0.00
A -20 64.00 0.00
A -10 64.00 0.00
A 0 64.00 0.00
A 10 66.00 0.00
A 20 61.24 0.20
A 30 56.00 0.00
A 40 54.00 0.00
A 50 52.00 0.14
A 60 52.00 0.00
A 70 52.00 0.17
M 2
A 70 52.00 0.00
A 60 50.00 0.13
A 50 52.00 0.00
A 40 52.00 0.00
A 30 57.97 0.20
A 20 58.00 0.02
A 10 60.00 0.00
A 0 60.00 0.00
A -10 60.00 0.03
A -20 58.00 0.00
A -30 58.00 0.17
A -40 60.00 0.00
A -50 66.00 0.14
A -60 79.00 0.20
A -70 52.00 0.03
M 2
A -70 110.00 0.00
A -60 74.00 0.00
A -50 62.00 0.02
A -40 58.00 0.01
A -30 56.00 0.00
A -20 56.00 0.00
A -10 56.00 0.00
A 0 58.00 0.05
A 10 54.00 0.00
A 20 52.00 0.00
A 30 52.00 0.00
A 40 55.72 0.06
A 50 50.00 0.00
A 60 50.00 0.00
A 70 50.00 0.00
M 2
A 70 50.00 0.00
A 60 48.00 0.00
A 50 48.00 0.06
A 40 46.00 0.00
A 30 50.00 0.00
A 20 47.00 0.04
A 10 50.00 0.20
A 0 51.72 0.17
A -10 52.00 0.00
A -20 52.00 0.00
A -30 52.00 0.12
A -40 56.00 0.00
A -50 64.00 0.00
A -60 71.31 0.20
A -70 119.00 0.20
M 2
A -70 192.00 0.00
A -60 132.41 0.20
A -50 65.76 0.05
A -40 50.00 0.13
A -30 48.00 0.00
A -20 48.00 0.00
A -10 50.00 0.20
A 0 46.00 0.00
A 10 44.00 0.14
A 20 44.00 0.00
A 30 44.00 0.00
A 40 44.00 0.00
A 50 44.00 0.04
A 60 44.00 0.00
A 70 44.00 0.00
M 2
A 70 43.86 0.01
A 60 42.00 0.00
A 50 41.66 0.17
A 40 40.00 0.00
A 30 40.00 0.00
A 20 40.00 0.08
A 10 43.86 0.19
A 0 44.00 0.00
A -10 44.07 0.00
A -20 44.00 0.00
A -30 44.00 0.04
A -40 46.00 0.00
A -50 50.00 0.00
A -60 124.00 0.11
A -70 148.00 0.00
M 2
A -70 164.00 0.40
A -60 54.72 0.20
A -50 56.00 0.00
A -40 43.31 0.20
A -30 40.00 0.00
A -20 40.00 0.00
A -10 43.93 0.14
A 0 40.00 0.00
A 10 36.00 0.17
A 20 36.00 0.00
A 30 36.00 0.00
A 40 36.00 0.00
A 50 38.00 0.00
A 60 38.00 0.03
A 70 40.00 0.00
M 2
A 70 48.00 0.00
A 60 36.00 0.15
A 50 35.31 0.13
A 40 34.00 0.00
A 30 32.00 0.18
A 20 32.00 0.18
A 10 34.00 0.03
A 0 34.00 0.00
A -10 38.00 0.00
A -20 37.10 0.09
A -30 38.00 0.00
A -40 39.00 0.20
A -50 50.00 0.06
A -60 66.00 0.20
A -70 162.00 0.00
M 2
A -70 98.00 0.00
A -60 48.00 0.06
A -50 54.00 0.02
A -40 34.66 0.20
A -30 32.00 0.14
A -20 32.00 0.00
A -10 30.00 0.10
A 0 32.00 0.12
A 10 30.00 0.03
A 20 30.00 0.00
A 30 30.00 0.00
A 40 30.00 0.00
A 50 30.00 0.00
A 60 34.00 0.00
A 70 146.00 0.20
M 2
A 70 34.00 0.00
A 60 34.00 0.20
A 50 29.90 0.20
A 40 24.00 0.00
A 30 24.00 0.00
A 20 24.00 0.15
A 10 24.00 0.00
A 0 25.41 0.20
A -10 30.00 0.00
A -20 30.00 0.00
A -30 31.31 0.13
A -40 30.00 0.00
A -50 36.00 0.00
A -60 43.79 0.20
A -70 164.00 0.00
T -60
A -70 58.00 0.00
A -60 60.00 0.00
A -50 158.00 0.02
A -40 154.00 1.20
A -30 91.00 0.40
A -20 88.07 0.20
A -10 166.00 0.00
A 0 40.00 0.18
A 10 50.00 0.20
A 20 30.00 0.00
A 30 29.10 0.20
A 40 30.00 0.00
A 50 30.00 0.00
A 60 30.00 0.00
A 70 26.00 0.09
M 2
A 70 28.00 0.00
A 60 36.00 0.07
A 50 28.00 0.00
A 40 26.00 0.02
A 30 26.00 0.00
A 20 28.00 0.00
A 10 30.00 0.00
A 0 43.86 0.20
A -10 164.00 0.07
A -20 160.00 0.00
A -30 158.00 0.06
A -40 156.00 0.00
A -50 64.00 0.06
A -60 60.00 0.00
A -70 58.00 0.00
M 2
A -70 56.76 0.20
A -60 58.00 0.00
A -50 152.00 0.00
A -40 154.00 0.00
A -30 158.00 0.00
A -20 176.00 0.40
A -10 194.00 0.20
A 0 30.00 0.02
A 10 28.00 0.00
A 20 24.00 0.00
A 30 20.00 0.00
A 40 20.00 0.00
A 50 24.00 0.07
A 60 24.00 0.00
A 70 26.00 0.00
T -30
A 70 26.00 0.00
A 60 24.00 0.00
A 50 26.00 0.00
A 40 28.00 0.00
A 30 36.55 0.60
A 20 180.00 0.07
A 10 163.31 0.20
A 0 155.93 0.20
A -10 154.00 0.00
A -20 152.00 0.00
A -30 60.55 0.12
A -40 56.00 0.20
A -50 58.00 0.00
A -60 62.00 0.20
A -70 60.62 0.20
T 0
A -70 62.00 0.00
A -60 62.00 0.28
A -50 58.00 0.00
A -40 56.00 0.17
A -30 60.00 0.00
A -20 152.00 0.00
A -10 154.00 0.00
A 0 156.00 0.00
A 10 163.86 0.20
A 20 180.62 0.12
A 30 34.00 0.00
A 40 28.00 0.00
A 50 26.00 0.09
A 60 24.00 0.00
A 70 26.00 0.09
T 0
A 70 26.00 0.00
A 60 24.00 0.00
A 50 26.00 0.00
A 40 28.55 0.06
A 30 36.00 0.43
A 20 180.00 0.00
A 10 162.00 0.20
A 0 156.00 0.00
A -10 154.00 0.00
A -20 152.00 0.04
A -30 60.00 0.01
A -40 56.00 0.00
A -50 58.00 0.00
A -60 62.00 0.00
A -70 60.00 0.00
T 0
A -70 60.00 0.00
A -60 62.00 0.08
A -50 58.52 0.20
A -40 56.76 0.18
A -30 60.00 0.00
A -20 152.00 0.00
A -10 153.90 0.20
A 0 156.00 0.00
A 10 163.72 0.20
A 20 180.00 0.00
A 30 34.34 0.00
A 40 28.00 0.00
A 50 26.00 0.00
A 60 24.00 0.03
A 70 24.00 0.20
T 0
A 70 26.00 0.00
A 60 24.00 0.00
A 50 26.00 0.00
A 40 28.00 0.00
A 30 33.79 0.18
A 20 180.69 0.20
A 10 162.00 0.03
A 0 156.00 0.00
A -10 154.00 0.00
A -20 152.00 0.00
A -30 60.00 0.00
A -40 56.00 0.20
A -50 58.00 0.00
A -60 62.00 0.00
A -70 60.00 0.12
T 0
A -70 60.00 0.12
A -60 62.76 0.08
A -50 58.00 0.12
A -40 56.00 0.20
A -30 60.55 0.21
A -20 152.00 0.00
A -10 154.00 0.02
A 0 156.00 0.00
A 10 165.00 0.27
A 20 181.55 0.20
A 30 34.00 0.23
A 40 28.00 0.00
A 50 26.00 0.00
A 60 24.00 0.00
A 70 24.97 0.20
M 2
A 70 22.00 0.05
A 60 20.00 0.00
A 50 22.00 0.00
A 40 30.00 0.20
A 30 112.00 0.00
A 20 173.48 5.40
A 10 170.00 0.01
A 0 169.00 0.36
A -10 153.79 0.20
A -20 150.00 0.10
A -30 60.00 0.07
A -40 54.00 0.00
A -50 54.00 0.00
A -60 54.00 0.00
A -70 64.00 0.60
T -10
A -70 164.00 0.00
A -60 58.38 0.00
A -50 54.00 0.09
A -40 52.00 0.00
A -30 54.00 0.00
A -20 58.00 0.00
A -10 150.00 0.00
A 0 152.00 0.00
A 10 160.00 0.00
A 20 170.00 0.09
A 30 40.00 0.11
A 40 32.00 0.00
A 50 23.45 0.20
A 60 24.00 0.00
A 70 24.00 0.00
T 0
A 70 24.00 0.00
A 60 24.00 0.00
A 50 22.72 0.00
A 40 32.00 0.00
A 30 170.00 13.01
A 20 168.00 0.34
A 10 162.00 0.00
A 0 152.00 0.00
A -10 150.00 0.01
A -20 56.00 0.15
A -30 54.00 0.00
A -40 54.00 0.00
A -50 54.00 0.00
A -60 58.00 0.00
A -70 164.07 0.20
T 0
A -70 166.00 0.00
A -60 58.00 0.02
A -50 54.00 0.00
A -40 52.00 0.17
A -30 54.00 0.00
A -20 56.00 0.00
A -10 150.00 0.13
A 0 152.00 0.00
A 10 162.00 0.28
A 20 168.00 0.00
A 30 40.00 0.07
A 40 32.00 0.00
A 50 22.00 0.20
A 60 24.00 0.00
A 70 24.00 0.00
T 0
A 70 24.00 0.00
A 60 24.00 0.00
A 50 22.00 0.16
A 40 32.00 0.00
A 30 40.00 0.00
A 20 169.93 0.60
A 10 160.00 0.00
A 0 152.00 0.00
A -10 152.00 0.00
A -20 58.00 0.00
A -30 56.00 0.01
RESET
RESET
RESET
A -70 162.66 0.20
A -60 56.00 0.06
A -50 54.00 0.19
A -40 54.00 0.00
A -30 55.72 0.19
A -20 58.00 0.03
A -10 152.00 0.01
A 0 152.00 0.00
A 10 161.83 0.20
A 20 170.00 0.40
A 30 36.55 0.11
A 40 34.17 0.23
A 50 22.72 0.20
A 60 24.00 0.00
A 70 24.00 0.00
T -10
A 70 20.00 0.20
A 60 26.00 0.00
A 50 30.00 0.08
A 40 176.00 0.01
A 30 174.00 0.20
A 20 156.00 0.00
A 10 152.00 0.00
A 0 150.00 0.00
A -10 58.00 0.00
A -20 54.00 0.00
A -30 52.00 0.00
A -40 52.00 0.20
A -50 56.00 0.00
A -60 160.00 0.06