等待接收数据中…
RESET
A -70 54.69 0.00
A -60 52.00 0.00
A -50 52.00 0.00
A -40 55.72 0.03
A -30 168.83 0.46
A -20 118.00 0.20
A -10 112.00 0.00
A 0 100.00 0.00
A 10 98.00 0.10
A 20 98.00 0.00
A 30 98.00 0.00
A 40 98.00 0.00
A 50 98.00 0.20
A 60 102.00 0.20
A 70 146.00 0.17
M 2
A 70 115.52 0.20
A 60 103.66 0.80
A 50 96.00 0.00
A 40 94.00 0.00
A 30 94.00 0.20
A 20 94.00 0.00
A 10 96.00 0.00
A 0 98.00 0.00
A -10 109.52 0.15
A -20 115.66 0.20
A -30 163.00 0.60
A -40 54.00 0.20
A -50 52.00 0.00
A -60 52.00 0.00
A -70 52.00 0.00
M 2
A -70 50.00 0.00
A -60 50.00 0.00
A -50 50.00 0.00
A -40 50.00 0.17
A -30 56.00 0.00
A -20 108.00 0.00
A -10 108.00 0.00
A 0 94.00 0.10
A 10 92.00 0.00
A 20 90.00 0.17
A 30 90.00 0.00
A 40 90.00 0.00
A 50 92.00 0.00
A 60 98.00 0.40
A 70 241.90 0.17
M 2
A 70 184.00 0.20
A 60 94.59 0.40
A 50 90.00 0.00
A 40 88.00 0.10
A 30 88.00 0.00
A 20 88.00 0.00
A 10 90.00 0.00
A 0 96.48 0.20
A -10 101.90 0.03
A -20 108.00 0.00
A -30 52.00 0.00
A -40 48.97 0.20
A -50 48.00 0.00
A -60 48.00 0.01
A -70 48.00 0.00
M 2
A -70 46.00 0.00
A -60 46.00 0.00
A -50 46.00 0.00
A -40 48.00 0.07
A -30 50.00 0.00
A -20 56.00 0.07
A -10 99.17 0.16
A 0 96.00 0.00
A 10 90.00 0.09
A 20 88.00 0.14
A 30 88.00 0.20
A 40 88.00 0.20
A 50 90.00 0.00
A 60 170.00 0.20
A 70 172.62 0.14
M 2
A 70 172.00 0.00
A 60 118.00 4.60
A 50 87.00 0.20
A 40 82.00 0.00
A 30 82.00 0.00
A 20 82.00 0.00
A 10 82.00 0.17
A 0 84.97 0.20
A -10 96.00 0.00
A -20 56.00 0.00
A -30 50.00 0.13
A -40 46.00 0.00
A -50 44.00 0.00
A -60 44.00 0.00
A -70 44.55 0.20
M 2
A -70 44.00 0.01
A -60 44.00 0.01
A -50 42.00 0.00
A -40 44.00 0.00
A -30 46.00 0.00
A -20 52.00 0.08
A -10 92.00 0.01
A 0 78.00 0.17
A 10 78.00 0.00
A 20 76.00 0.00
A 30 76.00 0.00
A 40 77.59 0.20
A 50 78.00 0.00
A 60 120.00 0.00
A 70 168.00 0.40
M 2
A 70 162.00 0.00
A 60 80.41 0.00
A 50 74.00 0.00
A 40 72.00 0.03
A 30 72.00 0.08
A 20 72.00 0.00
A 10 72.00 0.00
A 0 74.00 0.19
A -10 82.00 0.40
A -20 88.00 0.00
A -30 46.00 0.00
A -40 42.31 0.19
A -50 42.00 0.00
A -60 42.00 0.00
A -70 42.00 0.19
M 2
A -70 40.00 0.00
A -60 40.00 0.00
A -50 40.00 0.00
A -40 40.00 0.00
A -30 44.00 0.00
A -20 82.00 0.03
A -10 82.00 0.00
A 0 70.00 0.00
A 10 69.66 0.20
A 20 68.00 0.00
A 30 68.00 0.00
A 40 68.00 0.00
A 50 70.00 0.20
A 60 74.00 0.00
A 70 160.00 0.03
M 2
A 70 158.00 0.00
A 60 72.00 0.10
A 50 66.00 0.00
A 40 64.00 0.00
A 30 64.00 0.00
A 20 64.00 0.00
A 10 64.00 0.00
A 0 68.00 0.00
A -10 78.00 0.00
A -20 80.00 0.00
A -30 44.00 0.00
A -40 38.00 0.20
A -50 38.00 0.00
A -60 38.00 0.00
A -70 38.00 0.00
M 2
A -70 36.00 0.11
A -60 36.00 0.11
A -50 36.00 0.00
A -40 36.00 0.00
A -30 40.00 0.20
A -20 76.00 0.20
A -10 74.00 0.17
A 0 64.00 0.10
A 10 64.00 0.20
A 20 60.62 0.17
A 30 60.00 0.00
A 40 62.00 0.08
A 50 64.00 0.00
A 60 155.66 0.20
A 70 159.79 1.80
M 2
A 70 232.00 0.40
A 60 152.00 0.00
A 50 60.00 0.00
A 40 58.00 0.00
A 30 58.00 0.00
A 20 58.00 0.00
A 10 60.00 0.00
A 0 60.55 0.00
A -10 72.14 0.03
A -20 48.00 0.00
A -30 40.28 0.06
A -40 35.86 0.00
A -50 35.86 0.00
A -60 35.86 0.01
A -70 36.00 0.00
M 2
A -70 34.00 0.00
A -60 32.00 0.00
A -50 32.00 0.20
A -40 34.00 0.03
A -30 38.00 0.00
A -20 44.00 0.00
A -10 64.00 0.15
A 0 58.00 0.00
A 10 54.10 0.00
A 20 54.00 0.00
A 30 54.00 0.00
A 40 54.00 0.00
A 50 56.00 0.00
A 60 67.03 0.30
A 70 158.00 0.06
M 2
A 70 146.76 0.20
A 60 58.00 0.02
A 50 52.00 0.00
A 40 50.00 0.00
A 30 50.00 0.00
A 20 50.00 0.00
A 10 50.00 0.00
A 0 52.00 0.00
A -10 62.00 0.00
A -20 64.55 0.06
A -30 36.00 0.00
A -40 32.00 0.00
A -50 32.14 0.03
A -60 32.00 0.00
A -70 32.00 0.00
M 2
A -70 30.00 0.06
A -60 30.00 0.00
A -50 30.00 0.00
A -40 30.00 0.00
A -30 36.00 0.00
A -20 60.00 0.00
A -10 60.00 0.00
A 0 50.00 0.06
A 10 48.00 0.00
A 20 46.00 0.01
A 30 46.00 0.00
A 40 46.00 0.00
A 50 48.00 0.20
A 60 50.00 0.00
A 70 237.00 9.40
M 2
A 70 140.83 0.20
A 60 140.00 0.03
A 50 44.00 0.15
A 40 44.00 0.00
A 30 44.00 0.00
A 20 44.00 0.01
A 10 44.00 0.00
A 0 46.00 0.00
A -10 54.00 0.00
A -20 44.00 0.20
A -30 32.00 0.00
A -40 30.00 0.00
A -50 28.00 0.20
A -60 28.00 0.00
A -70 28.00 0.20
M 2
A -70 26.00 0.00
A -60 26.00 0.00
A -50 26.00 0.20
A -40 26.00 0.16
A -30 30.00 0.00
A -20 56.00 0.00
A -10 44.00 0.11
A 0 42.00 0.08
A 10 40.00 0.00
A 20 38.62 0.06
A 30 38.00 0.00
A 40 38.00 0.00
A 50 40.00 0.11
A 60 49.00 0.40
A 70 138.62 0.06
M 2
A 70 137.45 0.16
A 60 44.07 0.00
A 50 38.03 0.01
A 40 35.31 0.00
A 30 34.00 0.00
A 20 34.00 0.00
A 10 34.00 0.14
A 0 38.00 0.00
A -10 48.00 0.00
A -20 44.00 0.10
A -30 26.00 0.00
A -40 26.00 0.00
A -50 24.00 0.00
A -60 23.59 0.20
A -70 24.00 0.00
T 70
A -70 52.00 0.00
A -60 38.00 0.00
A -50 36.00 0.00
A -40 34.00 0.13
A -30 36.00 0.00
A -20 36.00 0.00
A -10 40.00 0.00
A 0 134.00 0.20
A 10 134.00 0.00
A 20 142.00 0.19
A 30 236.00 0.10
A 40 236.00 0.00
A 50 84.00 0.00
A 60 78.00 0.00
A 70 74.00 0.13
M 2
A 70 74.00 0.00
A 60 78.00 0.10
A 50 232.00 0.00
A 40 232.00 3.80
A 30 232.00 0.20
A 20 138.00 0.00
A 10 132.00 0.00
A 0 128.00 0.00
A -10 37.10 0.00
A -20 34.00 0.09
A -30 32.00 0.18
A -40 32.00 0.00
A -50 32.00 0.00
A -60 35.86 0.00
A -70 36.76 0.00
M 2
A -70 40.00 0.00
A -60 30.38 0.00
A -50 30.00 0.00
A -40 30.00 0.00
A -30 30.00 0.00
A -20 30.00 0.00
A -10 34.00 0.00
A 0 126.00 0.00
A 10 127.79 0.20
A 20 135.93 0.20
A 30 230.00 0.00
A 40 230.00 0.00
A 50 230.00 0.00
A 60 82.38 0.20
A 70 74.00 0.00
M 2
A 70 77.00 0.20
A 60 80.00 0.00
A 50 169.10 1.44
A 40 228.00 0.20
A 30 228.00 0.00
A 20 132.00 0.00
A 10 124.00 0.00
A 0 38.00 0.20
A -10 32.00 0.00
A -20 26.00 0.16
A -30 26.48 0.05
A -40 28.00 0.00
A -50 28.00 0.00
A -60 28.00 0.00
A -70 34.00 0.21
M 2
A -70 28.00 0.20
A -60 26.00 0.00
A -50 26.00 0.00
A -40 24.00 0.00
A -30 26.00 0.00
A -20 24.00 0.00
A -10 28.00 0.20
A 0 118.00 0.00
A 10 120.00 0.20
A 20 128.00 0.20
A 30 226.00 0.12
A 40 187.10 0.20
A 50 158.00 0.25
A 60 86.48 6.80
A 70 78.00 0.00
T 30
A 70 78.00 0.00
A 60 70.00 0.05
A 50 70.00 0.00
A 40 78.00 0.00
A 30 156.00 0.15
A 20 172.00 0.73
A 10 181.00 1.21
A 0 225.24 0.03
A -10 131.00 0.20
A -20 120.00 0.20
A -30 120.00 0.00
A -40 30.00 0.00
A -50 24.83 0.20
A -60 26.00 0.03
A -70 26.00 0.00
T 0
A -70 26.00 0.00
A -60 26.00 0.00
A -50 24.00 0.00
A -40 30.00 0.00
A -30 120.00 0.00
A -20 122.00 0.20
A -10 128.00 0.08
A 0 224.00 0.00
A 10 172.00 1.20
A 20 168.90 0.20
A 30 158.00 0.30
A 40 78.00 0.16
A 50 71.31 0.13
A 60 68.28 0.20
A 70 76.83 0.20
T 0
A 70 76.00 0.20
A 60 70.00 0.05
A 50 70.00 0.00
A 40 78.00 0.00
A 30 224.00 6.40
A 20 170.00 0.40
A 10 170.28 0.60
A 0 224.00 0.03
A -10 130.00 0.20
A -20 120.00 0.20
A -30 120.00 0.00
A -40 30.00 0.00
A -50 24.00 0.00
A -60 26.00 0.08
A -70 26.00 0.00
T 0
A -70 26.00 0.00
A -60 26.00 0.00
A -50 24.00 0.00
A -40 30.00 0.00
A -30 120.00 0.00
A -20 120.00 0.00
A -10 128.00 0.20
A 0 224.00 0.00
A 10 174.00 0.80
A 20 172.00 0.60
A 30 158.48 0.86
A 40 78.00 0.09
A 50 70.00 0.00
A 60 69.59 0.20
A 70 77.00 0.20
T 0
A 70 78.00 0.00
A 60 72.00 0.60
A 50 70.00 0.00
A 40 78.00 0.00
A 30 163.00 6.80
A 20 170.00 0.40
A 10 172.00 0.80
A 0 224.62 0.20
A -10 130.00 0.20
A -20 120.00 0.14
A -30 120.00 0.00
A -40 30.00 0.00
A -50 24.55 0.20
A -60 26.00 0.20
A -70 26.00 0.00
T 0
A -70 26.00 0.00
A -60 26.00 0.00
A -50 24.00 0.00
A -40 30.76 0.13
A -30 120.00 0.00
A -20 120.00 0.20
A -10 128.34 0.37
A 0 224.00 0.00
A 10 176.00 1.00
A 20 171.00 0.53
A 30 161.38 6.60
A 40 78.00 0.00
A 50 70.00 0.08
A 60 70.00 0.00
A 70 78.00 0.20
M 2
A 70 74.00 0.00
A 60 68.00 0.20
A 50 68.00 0.00
A 40 74.00 0.00
A 30 219.00 3.60
A 20 182.00 0.00
A 10 220.00 0.20
A 0 220.00 0.00
A -10 128.00 0.10
A -20 119.93 0.04
A -30 118.00 0.00
A -40 30.00 0.00
A -50 24.76 0.15
A -60 25.52 0.12
A -70 24.00 0.00
T 0
A -70 24.00 0.00
A -60 24.00 0.15
A -50 24.00 0.07
A -40 29.76 0.13
A -30 76.00 8.55
A -20 118.00 0.20
A -10 126.00 0.20
A 0 220.00 0.04
A 10 220.00 0.00
A 20 178.00 0.00
A 30 220.00 3.57
A 40 74.00 0.00
A 50 70.00 0.13
A 60 68.00 0.00
A 70 72.00 0.14
T 0
A 70 72.00 0.00
A 60 68.00 0.00
A 50 70.00 0.00
A 40 74.00 0.01
A 30 202.00 3.80
A 20 180.00 0.07
A 10 220.00 0.00
A 0 220.00 0.00
A -10 128.00 0.00
A -20 120.00 0.20
A -30 118.00 0.00
A -40 30.00 0.00
A -50 24.00 0.15
A -60 24.00 0.15
A -70 24.00 0.00
T 0
A -70 24.00 0.00
A -60 24.00 0.00
A -50 24.00 0.15
A -40 30.00 0.00
A -30 118.00 0.00
A -20 120.00 0.00
A -10 126.00 0.40
A 0 220.00 0.00
A 10 220.00 0.20
A 20 184.00 0.33
A 30 218.00 3.80
A 40 75.31 0.13
A 50 70.00 0.00
A 60 67.59 0.04
A 70 74.17 0.23
T 0
A 70 74.00 0.00
A 60 68.00 0.00
A 50 70.00 0.01
A 40 74.00 0.19
A 30 219.00 3.80
A 20 178.00 0.20
A 10 220.00 0.08
A 0 220.00 0.00
A -10 128.07 0.07
A -20 119.59 0.20
A -30 118.00 0.00
A -40 30.00 0.00
A -50 24.00 0.15
A -60 24.00 0.00
A -70 24.00 0.00
T 0
A -70 24.00 0.15
A -60 24.00 0.00
A -50 24.00 0.00
A -40 29.79 0.12
A -30 118.00 0.00
A -20 118.00 0.00
A -10 220.83 9.56
A 0 220.00 0.04
A 10 220.00 0.20
A 20 180.00 0.60
A 30 219.00 3.60
A 40 76.00 0.01
A 50 70.00 0.00
A 60 68.00 0.00
A 70 72.00 0.00
T -10
A 70 68.55 0.00
A 60 68.76 0.15
A 50 74.00 0.00
A 40 220.00 0.00
A 30 182.00 0.20
A 20 220.00 0.00
A 10 220.00 0.00
A 0 221.52 0.13
A -10 118.24 0.00
A -20 118.00 0.00
A -30 26.72 0.00
A -40 26.00 0.10
A -50 24.00 0.00
A -60 23.72 0.20
A -70 24.00 0.00
M 2
A -70 20.83 0.18
A -60 20.00 0.00
A -50 22.00 0.20
A -40 24.00 0.00
A -30 24.00 0.00
A -20 35.93 0.01
A -10 116.00 0.00
A 0 123.00 0.40
A 10 217.69 0.16
A 20 216.00 0.00
A 30 172.00 0.60
A 40 176.00 0.20
A 50 73.00 0.20
A 60 68.00 0.00
A 70 66.00 0.00
T 10
A 70 68.00 0.00
A 60 66.00 0.05
A 50 66.00 0.20
A 40 70.00 0.19
A 30 170.00 0.03
A 20 174.03 0.40
A 10 216.00 0.00
A 0 216.00 0.00
A -10 124.00 0.00
A -20 118.00 0.00
A -30 30.28 0.06
A -40 28.00 0.01
A -50 23.00 0.20
A -60 23.93 0.20
A -70 23.86 0.20
T 0
A -70 24.00 0.03
A -60 24.00 0.00
A -50 22.00 0.17
A -40 27.93 0.10
A -30 30.00 0.00
A -20 118.00 0.00
A -10 124.00 0.03
A 0 216.00 0.00
A 10 216.00 0.00
A 20 171.03 0.40
A 30 172.59 0.60
A 40 71.31 0.13
A 50 68.00 0.00
A 60 66.00 0.06
A 70 66.72 0.00
T 0
A 70 67.59 0.20
A 60 66.00 0.00
A 50 68.00 0.00
A 40 70.00 0.00
A 30 170.00 0.40
A 20 175.24 0.33
A 10 216.00 0.00
A 0 216.00 0.00
A -10 124.00 0.00
A -20 118.00 0.00
A -30 30.00 0.13
A -40 28.00 0.00
A -50 22.79 0.20
A -60 24.00 0.00
A -70 24.00 0.20
T 0
A -70 24.00 0.00
A -60 24.00 0.00
A -50 23.59 0.20
A -40 28.00 0.01
A -30 30.00 0.05
A -20 118.00 0.00
A -10 124.00 0.00
A 0 216.00 0.00
A 10 216.00 0.00
A 20 176.00 0.00
A 30 172.00 0.20
A 40 70.00 0.13
A 50 68.00 0.00
A 60 66.00 0.00
A 70 66.00 0.19
T 0
A 70 66.00 0.00
A 60 66.00 0.00
A 50 68.00 0.00
A 40 70.00 0.00
A 30 169.00 0.60
A 20 172.21 0.40
A 10 216.00 0.20
A 0 216.00 0.00
A -10 124.00 0.11
A -20 116.14 0.20
A -30 30.38 0.20
A -40 28.00 0.00
A -50 22.00 0.20
A -60 24.00 0.00
A -70 24.00 0.00
T 0
A -70 24.00 0.00
A -60 24.00 0.00
A -50 23.52 0.00
A -40 28.00 0.00
A -30 30.00 0.02
A -20 118.00 0.06
A -10 124.00 0.20
A 0 216.00 0.00
A 10 216.00 0.00
A 20 174.00 0.20
A 30 172.00 0.40
A 40 70.93 0.20
A 50 68.00 0.00
A 60 66.00 0.00
A 70 68.00 0.00
M 2
A 70 64.00 0.00
A 60 64.00 0.00
A 50 64.00 0.00
A 40 69.52 0.05
A 30 212.00 0.00
A 20 178.00 0.17
A 10 212.00 0.00
A 0 212.00 0.00
A -10 214.00 0.14
A -20 114.00 0.00
A -30 27.59 0.20
A -40 26.00 0.20
A -50 22.00 0.02
A -60 24.00 0.03
A -70 22.00 0.14
T -10
A -70 20.00 0.00
A -60 20.00 0.00
A -50 20.00 0.00
A -40 24.00 0.00
A -30 22.00 0.14
A -20 112.00 0.00
A -10 114.00 0.00
A 0 214.00 0.14
A 10 212.00 0.14
A 20 212.00 0.00
A 30 211.00 3.28
A 40 212.41 0.20
A 50 68.55 0.20
A 60 66.00 0.20
A 70 64.00 0.00
T 0
A 70 64.00 0.00
A 60 65.00 0.20
A 50 68.00 0.00
A 40 212.69 0.14
A 30 212.00 0.00
A 20 212.00 0.00
A 10 212.00 0.18
A 0 214.00 0.00
A -10 114.00 0.00
A -20 110.00 0.17
A -30 22.00 0.16
A -40 24.00 0.00
A -50 20.00 0.07
A -60 20.00 0.00
A -70 20.00 0.00
T 0
A -70 20.00 0.00
A -60 20.00 0.00
A -50 20.00 0.00
A -40 24.00 0.00
A -30 24.00 0.03
A -20 111.72 0.20
A -10 113.69 0.20
A 0 214.00 0.20
A 10 213.38 0.06
A 20 212.00 0.00
A 30 212.00 0.00
A 40 212.00 0.14
A 50 68.00 0.00
A 60 64.97 0.20
A 70 64.00 0.00
T 0
A 70 64.00 0.00
A 60 65.79 0.20
A 50 68.00 0.00
A 40 212.00 0.14
A 30 212.00 3.23
A 20 212.00 0.00
A 10 212.00 0.14
A 0 216.00 0.20
A -10 114.00 0.00
A -20 110.00 0.00
A -30 22.00 0.20
A -40 24.00 0.00
A -50 20.00 0.00
A -60 20.00 0.00
A -70 20.00 0.00
T 0
A -70 20.00 0.00
A -60 20.00 0.00
A -50 20.00 0.00
A -40 24.00 0.00
A -30 22.00 0.20
A -20 111.86 0.20
A -10 113.76 0.20
A 0 215.72 0.20
A 10 212.00 0.00
A 20 212.00 0.00
A 30 212.00 0.20
A 40 212.00 0.00
A 50 68.00 0.00
A 60 66.00 0.01
A 70 64.00 0.00
T 0
A 70 64.00 0.00
A 60 65.97 0.20
A 50 68.00 0.00
A 40 212.00 0.15
A 30 212.00 0.01
A 20 212.00 0.00
A 10 214.00 0.12
A 0 214.00 0.00
A -10 114.00 0.00
A -20 110.00 0.00
A -30 22.00 0.00
A -40 24.00 0.00
A -50 20.00 0.00
A -60 20.00 0.00
A -70 20.00 0.00
T 45
A -70 24.00 0.00
A -60 114.00 0.00
A -50 118.00 0.00
A -40 212.69 0.14
A -30 212.00 0.00
A -20 169.55 0.32
A -10 178.86 0.20
A 0 72.00 0.00
A 10 64.00 0.00
A 20 64.00 0.12
A 30 62.00 0.00
A 40 64.00 0.00
A 50 64.00 0.00
A 60 72.00 0.07
A 70 94.00 0.00
M 2
A 70 92.00 0.00
A 60 64.97 0.00
A 50 60.48 0.00
A 40 58.03 0.20
A 30 58.00 0.00
A 20 60.00 0.00
A 10 62.00 0.00
A 0 70.00 0.24
A -10 172.00 0.20
A -20 175.00 3.54
A -30 208.00 0.00
A -40 210.00 0.20
A -50 118.00 0.12
A -60 114.00 0.00
A -70 29.00 0.20
M 2
A -70 31.31 0.13
A -60 34.00 0.20
A -50 125.00 0.80
A -40 212.00 0.15
A -30 204.41 0.20
A -20 174.45 0.20
A -10 172.97 0.20
A 0 204.83 0.20
A 10 58.00 0.00
A 20 56.00 0.00
A 30 56.00 0.20
A 40 54.00 0.00
A 50 56.83 0.17
A 60 62.00 0.20
A 70 90.00 0.00
M 2
A 70 88.00 0.00
A 60 64.72 2.60
A 50 54.00 0.00
A 40 52.00 0.01
A 30 52.00 0.00
A 20 54.00 0.00
A 10 62.00 0.00
A 0 200.00 0.06
A -10 200.00 0.00
A -20 200.00 0.00
A -30 200.00 0.00
A -40 202.00 0.00
A -50 122.00 0.20
A -60 76.00 7.65
A -70 30.00 0.00
M 2
A -70 32.00 0.00
A -60 116.00 0.01
A -50 201.00 0.20
A -40 198.00 0.00
A -30 196.69 0.20
A -20 196.00 0.00
A -10 196.00 0.00
A 0 196.00 0.15
A 10 198.66 0.00
A 20 52.00 0.60
A 30 48.00 0.00
A 40 48.00 0.00
A 50 50.00 0.00
A 60 88.00 0.00
A 70 88.00 0.00
M 2
A 70 86.00 0.00
A 60 51.72 0.12
A 50 46.00 0.00
A 40 44.00 0.00
A 30 44.00 0.00
A 20 48.00 0.20
A 10 56.00 0.20
A 0 192.00 0.00
A -10 192.00 0.00
A -20 192.00 0.00
A -30 192.00 0.00
A -40 194.00 0.20
A -50 199.93 0.20
A -60 118.00 0.00
A -70 36.00 0.00
M 2
A -70 36.00 0.00
A -60 118.00 0.00
A -50 200.00 0.15
A -40 190.00 0.00
A -30 188.76 0.20
A -20 188.00 0.00
A -10 188.00 0.00
A 0 188.00 0.00
A 10 52.00 0.30
A 20 44.00 0.00
A 30 42.00 0.00
A 40 42.00 0.00
A 50 42.00 0.00
A 60 44.34 0.20
A 70 58.00 0.47
M 2
A 70 85.00 0.03
A 60 44.00 0.00
A 50 38.00 0.16
A 40 37.83 0.20
A 30 38.00 0.00
A 20 44.00 0.20
A 10 186.00 0.14
A 0 186.00 0.08
A -10 185.62 0.20
A -20 186.00 0.00
A -30 186.00 0.00
A -40 187.24 0.20
A -50 190.00 0.05
A -60 98.72 19.40
A -70 36.00 0.00
M 2
A -70 38.00 0.00
A -60 205.14 0.97
A -50 186.24 0.14
A -40 184.00 0.00
A -30 182.00 0.09
A -20 181.00 0.09
A -10 182.00 0.02
A 0 182.00 0.03
A 10 182.00 0.00
A 20 50.00 0.40
A 30 36.00 0.00
A 40 34.00 0.14
A 50 36.00 0.00
A 60 36.00 0.00
A 70 84.00 0.00
M 2
A 70 38.00 0.06
A 60 32.00 0.00
A 50 30.93 0.20
A 40 32.00 0.00
A 30 32.00 0.00
A 20 41.66 0.06
A 10 178.00 0.00
A 0 178.00 0.00
A -10 178.00 0.00
A -20 177.45 0.20
A -30 178.00 0.00
A -40 178.00 0.20
A -50 184.00 0.17
A -60 223.24 0.40
A -70 40.00 0.06
M 2
A -70 44.00 0.20
A -60 183.45 0.20
A -50 180.00 0.00
A -40 176.00 0.00
A -30 174.00 0.00
A -20 174.00 0.00
A -10 173.83 0.20
A 0 173.00 0.20
A 10 174.00 0.00
A 20 176.00 5.71
A 30 30.00 0.08
A 40 30.00 0.00
A 50 30.00 0.00
A 60 30.00 0.08
A 70 36.00 0.12
M 2
A 70 28.00 0.00
A 60 28.00 0.00
A 50 26.00 0.08
A 40 28.00 0.20
A 30 31.86 0.00
A 20 174.00 0.00
A 10 172.00 0.00
A 0 171.45 0.20
A -10 170.00 0.00
A -20 170.00 0.00
A -30 170.90 0.20
A -40 172.00 0.00
A -50 176.00 0.21
A -60 200.00 0.40
A -70 44.00 0.00
M 2
A -70 44.00 0.00
A -60 186.00 1.09
A -50 172.21 0.10
A -40 168.00 0.11
A -30 166.00 0.00
A -20 166.00 0.00
A -10 166.00 0.00
A 0 166.00 0.06
A 10 168.00 0.00
A 20 170.00 0.19
A 30 25.97 0.12
A 40 26.00 0.00
A 50 24.00 0.00
A 60 24.00 0.00
A 70 24.00 0.00
T -60
A 70 172.00 0.00
A 60 168.00 0.03
A 50 166.00 0.02
A 40 166.00 0.00
A 30 166.00 0.20
A 20 168.00 0.00
A 10 170.00 0.00
A 0 239.00 4.00
A -10 46.00 0.00
A -20 40.00 0.00
A -30 40.00 0.00
A -40 38.00 0.00
A -50 38.00 0.00
A -60 38.00 0.20
A -70 42.00 0.00
M 2
A -70 40.00 0.00
A -60 38.00 0.00
A -50 36.00 0.01
A -40 35.86 0.00
A -30 38.00 0.00
A -20 38.00 0.00
A -10 45.66 0.20
A 0 172.00 0.20
A 10 166.38 0.20
A 20 165.41 0.20
A 30 164.00 0.00
A 40 162.00 0.16
A 50 164.00 0.00
A 60 165.66 0.20
A 70 168.00 0.00
M 2
A 70 164.00 0.01
A 60 162.00 0.00
A 50 160.00 0.00
A 40 160.00 0.00
A 30 160.00 0.00
A 20 162.00 0.02
A 10 164.00 0.20
A 0 168.00 0.03
A -10 44.00 0.00
A -20 36.00 0.00
A -30 34.00 0.19
A -40 32.00 0.00
A -50 32.00 0.00
A -60 35.66 0.07
A -70 38.00 0.00
M 2
A -70 36.00 0.01
A -60 32.83 0.08
A -50 30.86 0.20
A -40 30.00 0.00
A -30 33.79 0.10
A -20 34.00 0.00
A -10 43.86 0.25
A 0 164.00 0.27
A 10 160.00 0.00
A 20 158.00 0.12
A 30 156.00 0.20
A 40 156.00 0.00
A 50 156.00 0.20
A 60 158.00 0.00
A 70 160.76 0.20
M 2
A 70 158.00 0.20
A 60 156.00 0.07
A 50 154.00 0.00
A 40 152.00 0.00
A 30 154.00 0.00
A 20 154.00 0.20
A 10 158.00 0.00
A 0 163.52 0.08
A -10 35.38 0.20
A -20 30.00 0.00
A -30 30.00 0.00
A -40 28.00 0.06
A -50 28.00 0.00
A -60 30.66 0.13
A -70 32.00 0.00
M 2
A -70 30.00 0.00
A -60 28.00 0.00
A -50 26.00 0.00
A -40 26.00 0.09
A -30 28.00 0.00
A -20 27.45 0.00
A -10 197.00 1.40
A 0 157.97 0.20
A 10 154.00 0.00
A 20 152.00 0.00
A 30 152.00 0.00
A 40 150.00 0.00
A 50 150.00 0.00
A 60 152.00 0.00
A 70 156.00 0.07
M 2
A 70 152.00 0.00
A 60 148.00 0.07
A 50 148.00 0.00
A 40 148.00 0.00
A 30 148.00 0.00
A 20 150.00 0.00
A 10 152.97 0.20
A 0 204.72 0.37
A -10 36.00 0.20
A -20 24.00 0.00
A -30 24.00 0.11
A -40 24.00 0.00
A -50 24.00 0.00
A -60 26.00 0.00
A -70 26.00 0.00
T 0
A -70 26.00 0.00
A -60 26.00 0.00
A -50 24.00 0.00
A -40 24.00 0.00
A -30 26.00 0.20
A -20 24.00 0.00
A -10 34.00 0.00
A 0 198.00 1.80
A 10 154.00 0.00
A 20 150.00 0.09
A 30 148.00 0.00
A 40 148.00 0.00
A 50 148.00 0.00
A 60 148.00 0.00
A 70 152.00 0.20
T 0
A 70 152.00 0.00
A 60 148.00 0.00
A 50 148.00 0.00
A 40 148.00 0.20
A 30 148.00 0.00
A 20 149.38 0.20
A 10 154.00 0.00
A 0 200.00 0.20
A -10 34.00 0.09
A -20 24.00 0.00
A -30 24.00 0.00
A -40 24.00 0.00
A -50 24.00 0.00
A -60 26.00 0.00
A -70 26.00 0.14
T 0
A -70 26.00 0.00
A -60 26.00 0.00
A -50 24.00 0.00
A -40 24.00 0.00
A -30 26.00 0.00
A -20 24.00 0.00
A -10 38.21 0.30
A 0 204.00 0.40
A 10 152.62 0.20
A 20 150.00 0.20
A 30 148.00 0.00
A 40 146.00 0.14
A 50 148.00 0.00
A 60 148.00 0.00
A 70 152.00 0.00
T 0
A 70 152.00 0.00
A 60 148.00 0.20
A 50 148.00 0.00
A 40 146.00 0.14
A 30 148.00 0.00
A 20 148.00 0.15
A 10 153.69 0.20
A 0 204.00 0.20
A -10 34.00 0.09
A -20 24.00 0.00
A -30 24.00 0.15
A -40 24.00 0.00
A -50 24.00 0.00
A -60 26.00 0.00
A -70 26.00 0.16
T 0
A -70 26.00 0.00
A -60 26.00 0.00
A -50 24.00 0.00
A -40 24.00 0.00
A -30 25.52 0.20
A -20 24.00 0.04
A -10 38.00 0.60
A 0 206.79 3.40
A 10 152.76 0.20
A 20 150.00 0.05
A 30 148.00 0.00
A 40 146.00 0.16
A 50 148.00 0.00
A 60 148.00 0.00
A 70 152.00 0.00
T 0
A 70 152.00 0.00
A 60 148.00 0.00
A 50 148.00 0.00
A 40 147.59 0.20
A 30 148.00 0.00
A 20 148.00 0.00
A 10 153.62 0.20
A 0 204.00 0.60
A -10 34.00 0.20
A -20 24.00 0.00
A -30 24.76 0.15
A -40 24.00 0.00
A -50 24.00 0.00
A -60 26.00 0.00
A -70 26.00 0.00
T 45
A -70 26.00 0.00
A -60 26.00 0.00
A -50 242.66 0.20
A -40 154.00 0.14
A -30 150.00 0.00
A -20 148.00 0.00
A -10 148.00 0.00
A 0 148.00 0.15
A 10 148.00 0.00
A 20 148.00 0.00
A 30 149.90 0.05
A 40 152.00 0.20
A 50 144.00 0.40
A 60 53.21 0.40
A 70 40.00 0.07
M 2
A 70 40.00 0.00
A 60 150.00 0.16
A 50 148.00 0.20
A 40 153.00 0.40
A 30 146.24 0.20
A 20 144.00 0.00
A 10 142.00 0.00
A 0 70.00 0.00
A -10 70.00 0.00
A -20 144.00 0.00
A -30 145.93 0.01
A -40 150.03 0.33
A -50 32.00 0.37
A -60 30.00 0.00
A -70 24.90 0.20
T 40
A -70 149.31 0.20
A -60 146.00 0.00
A -50 144.00 0.00
A -40 144.00 0.00
A -30 145.52 0.15
A -20 144.00 0.00
A -10 146.00 0.10
A 0 154.00 0.20
A 10 182.00 1.00
A 20 166.45 0.00
A 30 44.00 0.00
A 40 38.00 0.10
A 50 36.76 0.17
A 60 36.00 0.00
A 70 36.00 0.00
M 2
A 70 36.00 0.07
A 60 34.00 0.03
A 50 34.00 0.00
A 40 36.00 0.00
A 30 162.00 0.09
A 20 162.34 0.20
A 10 165.00 0.06
A 0 174.00 12.36
A -10 144.76 0.20
A -20 142.00 0.02
A -30 142.00 0.00
A -40 141.83 0.03
A -50 140.00 0.17
A -60 143.72 0.01
A -70 144.90 0.20
M 2
A -70 143.31 0.20
A -60 140.00 0.12
A -50 140.00 0.20
A -40 138.00 0.12
A -30 138.86 0.20
A -20 140.00 0.20
A -10 144.00 0.00
A 0 290.00 0.20
A 10 166.00 0.20
A 20 156.00 0.20
A 30 157.14 0.20
A 40 36.55 0.11
A 50 34.00 0.00
A 60 32.00 0.00
A 70 33.93 0.02
M 2
A 70 30.00 0.00
A 60 30.00 0.00
A 50 32.00 0.08
A 40 171.90 0.92
A 30 168.69 0.34
A 20 187.38 2.70
A 10 261.45 6.36
A 0 517.00 30.32
A -10 146.00 0.40
A -20 138.00 0.00
A -30 138.00 0.06
A -40 136.00 0.10
A -50 138.00 0.00
A -60 140.00 0.00
A -70 143.86 0.03
M 2
A -70 143.31 0.20
A -60 142.00 0.00
A -50 138.00 0.80
A -40 134.00 0.20
A -30 135.00 0.20
A -20 145.00 2.60
A -10 282.00 0.00
A 0 392.00 0.03
A 10 337.00 16.40
A 20 185.00 0.20
A 30 186.00 0.12
A 40 181.62 0.20
A 50 32.00 0.00
A 60 30.00 0.00
A 70 28.00 0.06
M 2
A 70 28.00 0.00
A 60 28.00 0.00
A 50 28.55 0.17
A 40 144.00 0.25
A 30 160.00 0.20
A 20 165.45 0.20
A 10 355.00 0.20
A 0 492.00 27.20
A -10 166.00 0.00
A -20 137.10 0.20
A -30 132.00 0.00
A -40 132.00 0.00
A -50 132.00 0.00
A -60 140.00 0.07
A -70 140.00 0.20
M 2
A -70 142.00 0.20
A -60 139.69 0.80
A -50 130.00 0.00
A -40 128.00 0.00
A -30 128.00 0.00
A -20 132.00 0.00
A -10 275.52 13.20
A 0 226.00 0.20
A 10 167.00 0.40
A 20 156.00 0.50
A 30 152.00 0.20
A 40 161.00 0.20
A 50 30.00 0.00
A 60 30.00 0.20
A 70 26.00 0.00
M 2
A 70 26.00 0.00
A 60 28.00 0.00
A 50 130.00 0.00
A 40 151.31 0.20
A 30 156.79 0.40
A 20 152.97 0.40
A 10 223.03 0.40
A 0 225.00 6.40
A -10 132.00 0.01
A -20 126.00 0.20
A -30 126.00 0.00
A -40 124.00 0.00
A -50 124.69 0.20
A -60 128.00 0.03
A -70 158.00 0.20
M 2
A -70 137.55 0.40
A -60 124.00 0.14
A -50 122.59 0.00
A -40 122.00 0.00
A -30 122.00 0.09
A -20 124.00 0.00
A -10 126.00 0.00
A 0 280.00 0.07
A 10 296.00 0.40
A 20 223.72 0.15
A 30 198.00 3.20
A 40 134.00 0.20
A 50 128.00 0.04
A 60 30.00 1.40
A 70 22.00 0.20
T 10
A 70 24.00 0.00
A 60 26.00 0.00
A 50 26.00 0.00
A 40 126.00 0.00
A 30 130.00 0.20
A 20 145.10 0.20
A 10 223.34 0.81
A 0 226.00 0.20
A -10 224.21 0.20
A -20 128.00 0.00
A -30 124.00 0.00
A -40 124.00 0.07
A -50 122.00 0.00
A -60 124.00 0.07
A -70 124.00 0.00
T 0
A -70 124.00 0.00
A -60 124.00 0.00
A -50 122.00 0.00
A -40 123.17 0.20
A -30 124.00 0.00
A -20 128.00 0.00
A -10 308.00 0.94
A 0 288.00 13.31
A 10 171.00 18.00
A 20 156.00 0.21
A 30 152.00 0.20
A 40 155.93 0.20
A 50 26.00 0.05
A 60 27.03 0.10
A 70 24.00 0.00
T -10
A 70 23.00 0.06
A 60 29.38 0.40
A 50 172.00 0.40
A 40 150.00 0.08
A 30 164.00 2.27
A 20 379.00 34.40
A 10 546.00 0.83
A 0 324.00 2.20
A -10 128.00 0.00
A -20 124.00 0.00
A -30 122.00 0.00
A -40 122.00 0.00
A -50 122.00 0.00
A -60 124.00 0.00
A -70 136.21 0.20
T 10
A -70 126.00 0.01
A -60 123.59 0.20
A -50 122.00 0.00
A -40 122.00 0.20
A -30 124.00 0.00
A -20 126.00 0.00
A -10 336.00 0.60
A 0 289.83 0.20
A 10 162.00 1.40
A 20 176.00 0.40
A 30 150.00 0.05
A 40 148.00 0.06
A 50 26.00 0.00
A 60 27.03 0.10
A 70 24.00 0.00
T -10
A 70 24.00 0.04
A 60 29.28 0.40
A 50 176.00 1.70
A 40 187.00 2.71
A 30 158.00 0.00
A 20 530.00 31.00
A 10 548.00 0.40
A 0 358.00 33.00
A -10 128.00 0.12
A -20 124.00 0.00
A -30 122.00 0.00
A -40 122.00 0.00
A -50 122.00 0.00
A -60 124.00 0.00
A -70 136.00 0.20
T 10
A -70 126.00 0.09
A -60 122.00 0.20
A -50 122.00 0.00
A -40 122.00 0.00
A -30 124.00 0.00
A -20 126.00 0.00
A -10 349.03 4.50
A 0 369.48 2.60
A 10 176.90 0.20
A 20 172.00 0.00
A 30 166.00 0.19
A 40 172.97 0.20
A 50 26.00 0.00
A 60 26.00 0.10
A 70 24.00 0.00
M 2
A 70 22.72 0.17
A 60 26.00 0.00
A 50 176.48 15.06
A 40 184.76 0.20
A 30 155.66 0.20
A 20 196.00 0.40
A 10 234.00 29.00
A 0 538.00 17.60
A -10 364.00 0.20
A -20 124.00 0.00
A -30 122.00 0.00
A -40 120.00 0.00
A -50 120.00 0.00
A -60 120.00 0.00
A -70 122.00 0.00
T 0
A -70 122.00 0.12
A -60 120.00 0.00
A -50 120.00 0.00
A -40 120.00 0.00
A -30 122.00 0.08
A -20 124.00 0.00
A -10 355.66 5.80
A 0 370.00 0.60
A 10 173.00 35.20
A 20 162.00 0.00
A 30 158.00 0.00
A 40 168.00 0.00
A 50 166.03 0.20
A 60 26.00 0.00
A 70 23.79 0.20
T 0
A 70 23.59 0.00
A 60 26.00 0.00
A 50 165.79 0.03
A 40 168.69 0.17
A 30 162.00 0.20
A 20 159.38 0.20
A 10 176.41 20.36
A 0 541.00 0.40
A -10 503.00 20.60
A -20 124.00 0.00
A -30 121.83 0.20
A -40 120.00 0.00
A -50 120.00 0.00
A -60 120.00 0.00
A -70 122.00 0.20
T 0
A -70 122.17 0.20
A -60 120.00 0.20
A -50 120.00 0.00
A -40 120.00 0.00
A -30 122.00 0.03
A -20 124.00 0.00
A -10 352.00 3.50
A 0 367.00 24.60
A 10 172.00 0.54
A 20 162.00 0.40
A 30 165.00 0.89
A 40 148.00 0.20
A 50 145.52 0.00
A 60 26.00 0.00
A 70 24.00 0.00
T 0
A 70 22.00 0.20
A 60 26.00 0.00
A 50 142.86 0.24
A 40 166.03 0.20
A 30 160.00 0.00
A 20 170.00 0.54
A 10 175.38 0.20
A 0 285.00 0.60
A -10 277.00 21.81
A -20 124.00 0.10
A -30 120.00 0.12
A -40 120.00 0.00
A -50 120.00 0.00
A -60 120.00 0.00
A -70 122.00 0.01
T 0
A -70 122.79 0.16
A -60 120.00 0.00
A -50 120.00 0.00
A -40 120.00 0.00
A -30 120.00 0.20
A -20 124.00 0.00
A -10 603.00 22.20
A 0 301.00 9.40
A 10 174.00 0.29
A 20 162.00 0.40
A 30 158.00 0.16
A 40 172.00 0.00
A 50 146.00 0.05
A 60 26.00 0.03
A 70 24.00 0.00
T -10
A 70 22.00 0.00
A 60 147.00 0.40
A 50 148.00 0.20
A 40 169.83 0.84
A 30 176.00 0.00
A 20 281.66 24.60
A 10 459.00 22.40
A 0 297.00 5.60
A -10 124.00 0.00
A -20 122.00 0.00
A -30 120.00 0.00
A -40 118.79 0.16
A -50 120.00 0.00
A -60 122.00 0.00
A -70 126.00 0.03
M 2
A -70 126.00 0.20
A -60 118.00 0.00
A -50 118.00 0.00
A -40 117.00 0.20
A -30 118.00 0.00
A -20 118.00 0.00
A -10 120.00 0.06
A 0 286.17 0.60
A 10 530.00 0.00
A 20 172.07 0.07
A 30 168.00 0.18
A 40 166.00 0.40
A 50 152.00 0.20
A 60 150.00 0.20
A 70 28.55 0.00
M 2
A 70 26.00 0.00
A 60 142.38 0.37
A 50 150.00 0.00
A 40 165.00 0.33
A 30 154.00 0.20
A 20 173.00 0.40
A 10 525.00 0.20
A 0 122.00 0.02
A -10 118.00 0.00
A -20 116.00 0.20
A -30 114.00 0.00
A -40 114.00 0.00
A -50 114.00 0.00
A -60 114.00 0.13
A -70 120.00 0.17
M 2
A -70 117.07 0.20
A -60 112.00 0.14
A -50 111.00 0.20
A -40 110.00 0.00
A -30 110.86 0.20
A -20 112.00 0.00
A -10 114.00 0.00
A 0 120.00 0.11
A 10 293.00 0.95
A 20 418.79 18.93
A 30 169.00 12.20
A 40 166.00 0.20
A 50 163.10 0.20
A 60 156.00 0.40
A 70 154.00 0.08
M 2
A 70 156.00 0.18
A 60 154.00 0.00
A 50 162.00 0.20
A 40 168.00 0.73
A 30 171.00 3.40
A 20 331.90 2.20
A 10 338.00 1.80
A 0 116.41 0.40
A -10 110.00 0.00
A -20 108.00 0.10
A -30 108.00 0.00
A -40 108.00 0.00
A -50 108.00 0.00
A -60 110.00 0.00
A -70 112.00 0.20
M 2
A -70 108.00 0.15
A -60 106.38 0.20
A -50 106.00 0.00
A -40 105.93 0.01
A -30 106.00 0.01
A -20 106.00 0.01
A -10 108.00 0.11
A 0 112.00 0.12
A 10 327.00 1.90
A 20 314.00 0.00
A 30 163.17 0.20
A 40 160.00 0.23
A 50 158.00 0.20
A 60 156.00 0.20
A 70 159.00 0.20
M 2
A 70 158.00 0.19
A 60 158.00 0.06
A 50 153.00 0.40
A 40 156.00 0.07
A 30 161.00 0.40
A 20 506.00 0.20
A 10 289.90 0.40
A 0 108.00 0.00
A -10 104.00 0.15
A -20 103.79 0.20
A -30 102.00 0.00
A -40 102.00 0.00
A -50 102.00 0.00
A -60 104.00 0.00
A -70 108.00 0.11
M 2
A -70 104.00 0.00
A -60 102.00 0.03
A -50 100.00 0.00
A -40 98.00 0.00
A -30 100.00 0.00
A -20 101.24 0.18
A -10 103.86 0.20
A 0 108.00 0.25
A 10 340.00 6.00
A 20 503.31 0.20
A 30 502.24 0.20
A 40 160.34 0.40
A 50 152.00 0.00
A 60 146.00 0.00
A 70 145.52 0.05
M 2
A 70 143.24 0.20
A 60 146.00 0.00
A 50 154.93 0.20
A 40 150.03 0.20
A 30 498.00 0.40
A 20 497.76 0.20
A 10 326.00 0.22
A 0 106.00 0.20
A -10 100.00 0.00
A -20 98.00 0.00
A -30 98.00 0.00
A -40 98.00 0.00
A -50 98.00 0.00
A -60 98.00 0.00
A -70 101.66 0.17
M 2
A -70 98.00 0.17
A -60 95.79 0.20
A -50 94.00 0.00
A -40 94.00 0.00
A -30 94.00 0.00
A -20 94.00 0.00
A -10 98.00 0.00
A 0 102.00 0.00
A 10 568.00 0.06
A 20 498.00 0.20
A 30 286.00 0.40
A 40 150.03 0.60
A 50 154.00 0.20
A 60 144.00 0.23
A 70 144.00 0.00
M 2
A 70 177.69 0.60
A 60 154.00 2.29
A 50 149.90 0.40
A 40 152.00 0.00
A 30 154.00 0.00
A 20 490.00 0.20
A 10 495.00 7.80
A 0 100.00 0.00
A -10 95.17 0.00
A -20 92.00 0.00
A -30 92.00 0.00
A -40 92.00 0.00
A -50 92.00 0.00
A -60 92.00 0.00
A -70 98.00 0.00
M 2
A -70 94.00 0.16
A -60 90.66 0.14
A -50 90.00 0.20
A -40 88.00 0.00
A -30 88.00 0.00
A -20 90.00 0.00
A -10 92.00 0.00
A 0 100.34 0.20
A 10 260.00 0.00
A 20 303.66 0.40
A 30 293.00 11.60
A 40 155.66 0.27
A 50 148.00 0.20
A 60 146.00 0.13
A 70 148.00 0.00
M 2
A 70 143.59 0.20
A 60 142.00 0.00
A 50 140.07 0.10
A 40 136.00 0.00
A 30 142.59 0.40
A 20 276.48 0.20
A 10 254.00 0.22
A 0 98.00 0.02
A -10 90.00 0.00
A -20 86.00 0.20
A -30 86.00 0.00
A -40 86.00 0.00
A -50 86.00 0.00
A -60 88.00 0.00
A -70 92.00 0.00
M 2
A -70 90.00 0.00
A -60 86.00 0.20
A -50 84.00 0.00
A -40 84.00 0.00
A -30 84.00 0.00
A -20 84.00 0.00
A -10 88.00 0.00
A 0 98.00 0.20
A 10 274.00 0.60
A 20 260.00 0.20
A 30 266.00 0.20
A 40 146.00 0.05
A 50 132.28 0.20
A 60 136.00 0.01
A 70 138.00 0.08
M 2
A 70 135.00 0.40
A 60 141.62 0.22
A 50 128.00 0.06
A 40 176.00 0.20
A 30 266.00 0.20
A 20 266.00 0.20
A 10 272.00 0.20
A 0 248.00 0.20
A -10 88.00 0.06
A -20 82.00 0.12
A -30 82.00 0.00
A -40 80.00 0.00
A -50 82.00 0.00
A -60 84.00 0.01
A -70 126.00 0.00
M 2
A -70 126.00 0.00
A -60 82.00 0.00
A -50 80.00 0.00
A -40 78.00 0.00
A -30 78.00 0.00
A -20 80.00 0.00
A -10 240.00 0.20
A 0 249.07 0.20
A 10 267.31 0.80
A 20 264.83 0.20
A 30 135.72 12.40
A 40 126.00 0.09
A 50 127.59 0.20
A 60 134.00 0.20
A 70 138.14 1.70
M 2
A 70 130.00 0.20
A 60 124.00 0.00
A 50 126.00 0.06
A 40 260.00 0.00
A 30 264.00 0.03
A 20 266.00 0.14
A 10 245.00 0.50
A 0 238.38 0.20
A -10 238.00 0.00
A -20 78.00 0.00
A -30 77.76 0.20
A -40 76.00 0.00
A -50 76.00 0.06
A -60 78.00 0.20
A -70 128.83 0.20
M 2
A -70 132.00 0.00
A -60 76.00 0.00
A -50 73.31 0.20
A -40 72.00 0.00
A -30 72.00 0.00
A -20 74.00 0.00
A -10 80.00 0.00
A 0 236.00 0.20
A 10 242.66 0.20
A 20 252.00 0.40
A 30 265.83 0.20
A 40 266.00 0.20
A 50 138.00 1.40
A 60 128.00 2.00
A 70 138.00 0.60
M 2
A 70 124.00 0.01
A 60 122.00 0.00
A 50 122.00 0.00
A 40 126.00 0.20
A 30 254.00 0.29
A 20 259.00 0.40
A 10 254.00 27.00
A 0 276.97 4.60
A -10 74.38 0.00
A -20 71.72 0.00
A -30 70.00 0.00
A -40 70.00 0.00
A -50 70.00 0.00
A -60 70.00 0.00
A -70 76.00 0.18
M 2
A -70 74.00 0.06
A -60 68.48 0.20
A -50 68.00 0.00
A -40 66.00 0.00
A -30 66.00 0.00
A -20 68.00 0.00
A -10 70.00 0.00
A 0 78.00 0.06
A 10 289.00 2.60
A 20 236.00 0.74
A 30 240.00 0.07
A 40 128.00 0.00
A 50 120.00 0.00
A 60 118.00 0.00
A 70 120.14 0.20
M 2
A 70 120.00 0.06
A 60 122.03 0.13
A 50 126.00 0.20
A 40 250.00 1.60
A 30 254.00 0.20
A 20 250.00 0.20
A 10 236.00 0.39
A 0 230.00 0.20
A -10 68.97 0.10
A -20 66.00 0.05
A -30 64.00 0.00
A -40 64.00 0.00
A -50 64.00 0.00
A -60 65.52 0.20
A -70 68.00 0.11
M 2
A -70 66.00 0.00
A -60 64.00 0.00
A -50 62.00 0.00
A -40 62.00 0.00
A -30 63.66 0.07
A -20 64.00 0.00
A -10 71.72 0.20
A 0 256.00 4.00
A 10 228.00 0.20
A 20 246.52 0.20
A 30 232.00 0.49
A 40 232.00 0.40
A 50 118.00 0.00
A 60 118.00 0.00
A 70 120.00 0.01
M 2
A 70 114.00 0.17
A 60 116.00 0.00
A 50 118.00 0.00
A 40 229.76 0.20
A 30 231.00 1.60
A 20 276.00 4.60
A 10 226.00 0.00
A 0 223.66 0.20
A -10 80.55 0.20
A -20 66.00 0.10
A -30 62.00 0.00
A -40 60.00 0.00
A -50 60.00 0.00
A -60 62.00 0.00
A -70 68.00 0.00
M 2
A -70 144.00 3.00
A -60 61.66 0.25
A -50 60.00 0.00
A -40 60.00 0.00
A -30 64.00 0.20
A -20 70.00 0.00
A -10 72.00 0.00
A 0 220.00 0.12
A 10 222.00 0.00
A 20 244.00 0.80
A 30 238.00 0.00
A 40 238.00 0.05
A 50 118.00 0.20
A 60 114.00 0.00
A 70 114.00 0.19
M 2
A 70 118.00 0.00
A 60 116.00 0.24
A 50 219.00 7.67
A 40 228.00 0.00
A 30 230.00 0.00
A 20 251.31 0.39
A 10 218.00 0.16
A 0 220.00 0.00
A -10 72.28 0.03
A -20 68.00 0.00
A -30 66.00 0.00
A -40 64.76 0.20
A -50 66.00 0.00
A -60 68.00 0.00
A -70 76.00 0.37
M 2
A -70 67.03 0.20
A -60 64.00 0.00
A -50 64.00 0.00
A -40 64.00 0.00
A -30 64.00 0.00
A -20 64.00 0.20
A -10 68.00 0.00
A 0 78.03 0.06
A 10 255.00 0.62
A 20 247.00 0.40
A 30 245.00 0.20
A 40 398.00 15.08
A 50 172.00 6.59
A 60 162.00 2.91
A 70 140.00 0.03
M 2
A 70 117.41 0.12
A 60 114.00 0.06
A 50 118.00 0.30
A 40 221.00 0.20
A 30 220.00 0.01
A 20 223.03 0.20
A 10 232.76 0.15
A 0 70.00 0.17
A -10 65.97 0.20
A -20 64.00 0.00
A -30 62.00 0.00
A -40 60.00 0.00
A -50 60.00 0.00
A -60 60.62 0.20
A -70 220.00 0.40
M 2
A -70 66.00 0.00
A -60 58.00 0.13
A -50 56.00 0.00
A -40 59.72 0.17
A -30 58.00 0.10
A -20 60.00 0.00
A -10 64.00 0.20
A 0 74.00 0.20
A 10 252.00 0.20
A 20 229.48 22.36
A 30 222.00 0.00
A 40 220.00 0.00
A 50 222.00 0.00
A 60 115.00 0.40
A 70 116.00 0.08
M 2
A 70 108.00 0.10
A 60 117.69 0.48
A 50 215.45 0.20
A 40 226.00 0.20
A 30 223.59 0.20
A 20 222.38 0.14
A 10 226.00 0.20
A 0 203.00 0.60
A -10 59.72 0.20
A -20 58.00 0.00
A -30 56.83 0.17
A -40 56.00 0.00
A -50 58.00 0.00
A -60 56.00 0.00
A -70 65.52 0.40
M 2
A -70 58.00 0.00
A -60 56.00 0.00
A -50 52.00 0.00
A -40 52.00 0.12
A -30 54.00 0.20
A -20 54.00 0.00
A -10 57.66 0.20
A 0 196.45 0.50
A 10 246.59 0.20
A 20 222.00 0.20
A 30 216.00 0.40
A 40 214.00 0.00
A 50 218.00 0.10
A 60 105.00 0.20
A 70 106.00 0.10
M 2
A 70 100.00 0.00
A 60 104.97 0.15
A 50 220.34 0.20
A 40 218.03 0.40
A 30 209.00 0.24
A 20 220.00 0.00
A 10 232.00 0.20
A 0 204.00 0.20
A -10 55.79 0.20
A -20 52.00 0.00
A -30 50.00 0.00
A -40 51.72 0.20
A -50 50.00 0.00
A -60 52.00 0.00
A -70 178.00 0.36
M 2
A -70 66.00 0.00
A -60 50.00 0.00
A -50 48.00 0.00
A -40 48.00 0.00
A -30 48.00 0.00
A -20 50.00 0.00
A -10 52.48 0.20
A 0 206.03 0.20
A 10 -2.00 0.00
A 20 217.31 0.20
A 30 210.00 0.26
A 40 208.00 0.20
A 50 201.00 0.37
A 60 104.00 0.06
A 70 102.00 0.00
T 20
A 70 104.00 0.12
A 60 100.00 0.18
A 50 102.00 0.19
A 40 109.59 0.34
A 30 202.00 0.20
A 20 204.41 0.23
A 10 210.00 0.00
A 0 219.00 0.33
A -10 223.24 0.20
A -20 200.00 0.40
A -30 54.00 0.00
A -40 50.00 0.00
A -50 48.69 0.20
A -60 48.00 0.00
A -70 48.00 0.00
M 2
A -70 48.00 0.01
A -60 46.00 0.00
A -50 48.00 0.20
A -40 48.00 0.00
A -30 52.00 0.00
A -20 226.00 2.40
A -10 224.00 0.00
A 0 216.21 0.20
A 10 208.00 0.00
A 20 207.00 0.20
A 30 200.00 0.20
A 40 106.00 0.20
A 50 100.00 0.20
A 60 100.00 0.00
A 70 100.00 0.00
M 2
A 70 98.00 0.00
A 60 98.00 0.00
A 50 98.00 0.00
A 40 202.00 4.80
A 30 204.00 0.00
A 20 203.31 0.13
A 10 206.31 0.20
A 0 210.00 0.20
A -10 -2.00 21.40
A -20 60.00 0.04
A -30 50.00 0.00
A -40 46.00 0.00
A -50 46.00 0.00
A -60 46.00 0.00
A -70 46.00 0.00
T 0
A -70 46.00 0.00
A -60 46.00 0.00
A -50 46.00 0.00
A -40 46.00 0.00
A -30 50.00 0.00
A -20 60.00 0.00
A -10 -2.00 0.00
A 0 212.00 0.14
A 10 206.31 0.00
A 20 204.00 0.00
A 30 203.00 0.20
A 40 110.00 5.60
A 50 98.86 0.17
A 60 98.00 0.00
A 70 98.00 0.00
T 0
A 70 98.00 0.00
A 60 98.00 0.00
A 50 98.00 0.17
A 40 158.79 9.20
A 30 204.00 0.00
A 20 202.00 0.00
A 10 208.00 0.00
A 0 210.00 0.00
A -10 109.66 22.00
A -20 60.55 0.20
A -30 50.00 0.00
A -40 46.00 0.00
A -50 46.00 0.00
A -60 46.00 0.00
A -70 46.00 0.00
M 2
A -70 44.00 0.00
A -60 44.00 0.00
A -50 44.00 0.00
A -40 45.93 0.01
A -30 48.00 0.00
A -20 187.10 3.68
A -10 216.07 0.20
A 0 204.00 0.00
A 10 206.00 0.00
A 20 206.00 0.20
A 30 204.00 0.20
A 40 156.00 0.00
A 50 97.48 0.20
A 60 94.00 0.19
A 70 95.86 0.11
M 2
A 70 92.00 0.00
A 60 94.00 0.00
A 50 102.00 0.40
A 40 148.00 0.00
A 30 154.00 0.00
A 20 200.00 0.00
A 10 200.00 0.00
A 0 206.00 0.24
A -10 -2.00 0.00
A -20 184.00 0.20
A -30 46.72 0.20
A -40 44.00 0.00
A -50 44.00 0.00
A -60 44.00 0.00
A -70 44.00 0.01
T 0
A -70 43.52 0.20
A -60 44.00 0.00
A -50 44.00 0.00
A -40 44.00 0.00
A -30 47.72 0.20
A -20 176.21 0.40
A -10 -2.00 0.00
A 0 202.00 0.10
A 10 200.00 0.00
A 20 200.00 0.00
A 30 156.00 0.20
A 40 148.00 0.00
A 50 102.00 0.00
A 60 94.00 0.00
A 70 93.62 0.20
T 0
A 70 92.21 0.20
A 60 94.00 0.00
A 50 98.00 0.15
A 40 148.00 0.00
A 30 152.00 0.20
A 20 200.00 0.03
A 10 198.76 0.20
A 0 202.00 0.20
A -10 -2.00 0.00
A -20 176.97 0.41
A -30 48.00 0.20
A -40 44.00 0.00
A -50 44.00 0.20
A -60 44.00 0.08
A -70 44.00 0.01
T 0
A -70 44.00 0.00
A -60 44.00 0.00
A -50 43.86 0.20
A -40 44.00 0.00
A -30 46.00 0.00
A -20 210.00 3.40
A -10 -2.00 20.00
A 0 202.17 0.00
A 10 200.00 0.20
A 20 200.00 0.00
A 30 156.00 0.40
A 40 148.00 0.06
A 50 100.00 0.01
A 60 94.00 0.00
A 70 92.00 0.00
T -20
A 70 94.00 0.00
A 60 148.00 0.10
A 50 155.00 4.40
A 40 200.00 0.00
A 30 200.00 0.15
A 20 210.31 0.20
A 10 214.00 0.10
A 0 192.00 0.11
A -10 46.00 0.00
A -20 44.00 0.20
A -30 42.00 0.00
A -40 42.00 0.00
A -50 42.00 0.00
A -60 44.00 0.00
A -70 48.00 0.20
M 2
A -70 64.00 0.00
A -60 40.00 0.17
A -50 39.03 0.17
A -40 38.00 0.00
A -30 40.00 0.00
A -20 40.00 0.00
A -10 44.00 0.01
A 0 169.00 0.40
A 10 -2.00 0.00
A 20 218.00 0.20
A 30 196.00 0.00
A 40 188.00 0.60
A 50 200.00 0.18
A 60 150.00 0.25
A 70 146.38 0.20
T 20
A 70 95.72 0.07
A 60 94.00 0.05
A 50 146.45 0.00
A 40 150.00 0.09
A 30 154.00 0.02
A 20 197.00 1.20
A 10 192.00 0.00
A 0 2.00 19.80
A -10 219.86 21.46
A -20 167.79 0.24
A -30 44.00 0.20
A -40 40.00 0.00
A -50 38.45 0.20
A -60 39.59 0.00
A -70 40.00 0.00
T -10
A -70 40.00 0.00
A -60 40.00 0.00
A -50 38.00 0.00
A -40 38.00 0.16
A -30 40.00 0.00
A -20 44.00 0.00
A -10 172.00 0.20
A 0 239.00 2.20
A 10 195.52 0.60
A 20 194.00 0.30
A 30 188.00 3.60
A 40 198.52 0.20
A 50 149.97 0.14
A 60 146.00 0.20
A 70 94.45 0.09
M 2
A 70 140.00 0.00
A 60 144.00 0.00
A 50 146.00 0.01
A 40 186.00 0.40
A 30 200.00 0.00
A 20 190.00 0.22
A 10 192.00 0.10
A 0 250.00 0.56
A -10 164.00 0.00
A -20 40.00 0.20
A -30 38.00 0.10
A -40 37.10 0.09
A -50 36.00 0.11
A -60 38.00 0.00
A -70 40.00 0.00
M 2
A -70 36.00 0.00
A -60 36.00 0.00
A -50 35.86 0.01
A -40 36.00 0.20
A -30 36.00 0.00
A -20 40.00 0.00
A -10 166.00 0.05
A 0 -2.00 0.00
A 10 196.00 0.10
A 20 188.00 0.00
A 30 179.10 0.20
A 40 181.34 0.20
A 50 148.00 0.10
A 60 144.76 0.15
A 70 114.00 0.00
T 10
A 70 110.00 0.00
A 60 112.00 0.00
A 50 144.00 0.00
A 40 148.00 0.20
A 30 180.00 0.23
A 20 178.00 0.02
A 10 188.00 0.20
A 0 191.00 1.80
A -10 -2.00 0.00
A -20 166.00 0.20
A -30 40.00 0.11
A -40 38.03 0.01
A -50 34.00 0.13
A -60 34.00 0.00
A -70 34.00 0.00
T 0
A -70 35.38 0.19
A -60 34.00 0.13
A -50 34.00 0.00
A -40 38.00 0.00
A -30 40.00 0.00
A -20 234.00 0.80
A -10 -2.00 0.00
A 0 211.79 2.39
A 10 189.00 0.20
A 20 179.00 0.40
A 30 182.00 0.20
A 40 146.00 0.13
A 50 144.00 0.00
A 60 142.00 0.00
A 70 114.00 0.20
T -20
A 70 144.00 0.00
A 60 146.00 0.00
A 50 182.00 0.40
A 40 178.00 0.00
A 30 186.00 0.00
A 20 197.97 0.20
A 10 87.03 17.20
A 0 164.00 0.30
A -10 38.00 0.16
A -20 36.00 0.00
A -30 36.00 0.20
A -40 34.00 0.00
A -50 56.00 1.23
A -60 58.97 0.40
蓝牙设备的通信连接丢失，请尝试重新连接