RESET
A -70 70.00 4.00
A -60 105.00 1.57
A -50 30.00 0.00
A -40 26.00 0.00
A -30 26.00 0.00
A -20 26.00 0.00
A -10 26.00 0.01
A 0 32.00 0.00
A 10 32.00 0.00
A 20 121.07 0.40
A 30 109.48 0.40
A 40 110.00 0.20
A 50 94.00 0.00
A 60 92.00 0.20
A 70 49.00 7.60
M 2
A 70 92.00 0.01
A 60 90.93 0.40
A 50 94.00 0.20
A 40 102.00 0.02
A 30 103.00 0.20
A 20 100.00 0.20
A 10 38.10 0.40
A 0 112.00 0.27
A -10 22.00 0.20
A -20 20.00 0.00
A -30 22.00 0.00
A -40 22.00 0.00
A -50 22.00 0.00
A -60 28.83 0.11
A -70 66.00 0.01
T 0
A -70 66.00 0.00
A -60 30.00 0.03
A -50 22.00 0.08
A -40 22.00 0.20
A -30 22.00 0.13
A -20 22.00 0.00
A -10 22.00 0.00
A 0 30.90 8.20
A 10 36.00 1.00
A 20 100.00 6.60
A 30 102.41 0.13
A 40 102.00 0.05
A 50 94.00 0.00
A 60 92.00 0.00
A 70 91.93 0.20
T 30
A 70 70.00 0.00
A 60 73.00 0.40
A 50 92.00 0.20
A 40 91.17 0.12
A 30 90.00 0.03
A 20 94.72 0.20
A 10 101.24 0.20
A 0 104.97 0.20
A -10 102.00 0.00
A -20 35.66 0.20
A -30 26.00 0.01
A -40 26.00 0.08
A -50 22.00 0.00
A -60 22.00 0.20
A -70 24.00 0.04
T 0
A -70 24.00 0.00
A -60 22.00 0.00
A -50 22.00 0.00
A -40 26.00 0.20
A -30 26.00 0.00
A -20 34.93 0.20
A -10 103.31 0.20
A 0 105.48 0.20
A 10 102.00 0.08
A 20 94.00 0.00
A 30 90.00 0.00
A 40 90.38 0.17
A 50 90.00 0.19
A 60 76.76 0.20
A 70 70.00 0.00
T 0
A 70 70.00 0.00
A 60 72.90 0.20
A 50 92.00 0.00
A 40 90.86 0.20
A 30 92.00 0.20
A 20 94.00 0.00
A 10 101.00 0.40
A 0 105.97 0.20
A -10 102.00 0.40
A -20 35.59 0.40
A -30 26.00 0.01
A -40 26.00 0.10
A -50 22.00 0.00
A -60 22.00 0.00
A -70 22.66 0.20
M 2
A -70 20.00 0.00
A -60 20.00 0.00
A -50 20.00 0.08
A -40 24.00 0.00
A -30 32.00 0.20
A -20 30.00 0.00
A -10 98.00 0.20
A 0 100.00 0.00
A 10 102.00 0.00
A 20 92.00 0.20
A 30 89.83 0.20
A 40 88.00 0.20
A 50 86.00 0.19
A 60 90.00 0.00
A 70 70.00 0.20
T 10
A 70 68.00 0.00
A 60 18.00 5.20
A 50 90.00 0.00
A 40 86.00 0.00
A 30 86.00 0.17
A 20 88.00 0.15
A 10 92.00 0.20
A 0 107.52 0.20
A -10 102.00 0.03
A -20 100.00 0.20
A -30 99.45 0.60
A -40 119.03 0.40
A -50 22.00 0.00
A -60 22.72 0.20
A -70 23.00 0.12
T -40
A -70 72.00 0.07
A -60 36.62 4.20
A -50 20.00 0.00
A -40 20.00 0.00
A -30 20.00 0.00
A -20 18.00 0.00
A -10 26.00 0.00
A 0 24.00 0.00
A 10 47.45 0.40
A 20 98.00 0.08
A 30 99.59 0.17
A 40 98.00 0.00
A 50 92.00 0.00
A 60 90.00 0.00
A 70 88.00 0.00
T 30
A 70 70.00 0.00
A 60 92.00 0.20
A 50 88.00 0.00
A 40 88.00 0.00
A 30 90.00 0.05
A 20 92.00 0.14
A 10 101.00 0.08
A 0 99.38 0.20
A -10 98.00 0.20
A -20 30.00 0.20
A -30 30.00 0.19
A -40 24.00 0.00
A -50 20.83 0.18
A -60 20.00 0.20
A -70 20.00 0.00
T 10
A -70 24.00 0.20
A -60 24.00 0.03
A -50 20.00 0.20
A -40 121.55 8.54
A -30 100.97 2.00
A -20 99.10 0.20
A -10 102.00 0.00
A 0 106.00 0.36
A 10 92.00 0.00
A 20 88.21 0.20
A 30 86.79 0.20
A 40 86.00 0.20
A 50 90.52 0.20
A 60 70.00 0.20
A 70 68.00 0.18
M 2
A 70 70.00 0.00
A 60 71.00 5.60
A 50 86.00 0.00
A 40 84.00 0.00
A 30 84.00 0.00
A 20 88.00 0.20
A 10 92.00 0.00
A 0 106.00 0.20
A -10 102.00 0.00
A -20 92.00 0.00
A -30 93.00 5.60
A -40 28.21 0.20
A -50 21.83 0.40
A -60 20.00 0.20
A -70 22.00 0.00
T 0
A -70 22.00 0.00
A -60 22.00 0.00
A -50 20.00 0.00
A -40 29.69 0.20
A -30 93.38 5.60
A -20 94.00 0.00
A -10 102.00 0.20
A 0 105.93 0.16
A 10 92.00 0.03
A 20 88.00 0.00
A 30 85.24 0.20
A 40 84.00 0.00
A 50 86.00 0.20
A 60 76.00 0.40
A 70 70.00 0.00
T 0
A 70 70.00 0.00
A 60 74.00 0.20
A 50 86.00 0.01
A 40 84.00 0.00
A 30 84.00 0.00
A 20 86.00 0.20
A 10 92.00 0.00
A 0 104.00 0.00
A -10 102.00 0.02
A -20 94.00 0.20
A -30 94.00 0.16
A -40 28.00 0.20
A -50 21.52 0.00
A -60 22.00 0.02
A -70 22.00 0.00
T 0
A -70 22.00 0.08
A -60 22.00 0.00
A -50 20.00 0.18
A -40 29.59 0.20
A -30 92.00 5.80
A -20 94.00 0.01
A -10 102.00 0.00
A 0 104.00 0.19
A 10 92.00 0.00
A 20 88.00 0.00
A 30 84.97 0.19
A 40 84.00 0.00
A 50 86.00 0.00
A 60 76.00 0.20
A 70 70.00 0.05
T 0
A 70 70.00 0.00
A 60 74.00 0.40
A 50 86.00 0.00
A 40 84.00 0.00
A 30 84.00 0.00
A 20 86.00 0.00
A 10 92.00 0.00
A 0 104.55 0.20
A -10 102.00 0.02
A -20 95.45 0.40
A -30 94.00 0.20
A -40 28.34 0.20
A -50 20.00 0.25
A -60 22.00 0.05
A -70 22.00 0.08
M 2
A -70 18.00 0.00
A -60 22.00 0.00
A -50 24.00 0.00
A -40 108.21 9.28
A -30 91.72 0.20
A -20 90.00 0.00
A -10 91.72 0.20
A 0 90.00 0.01
A 10 96.00 0.20
A 20 84.00 0.11
A 30 83.66 0.20
A 40 82.17 0.20
A 50 84.00 0.00
A 60 88.00 0.60
A 70 70.00 0.00
T 10
A 70 70.00 0.20
A 60 70.76 0.20
A 50 88.00 0.20
A 40 84.00 0.01
A 30 82.86 0.17
A 20 84.00 0.00
A 10 85.69 0.20
A 0 88.00 0.20
A -10 94.00 0.00
A -20 89.79 0.20
A -30 88.00 0.00
A -40 90.72 0.20
A -50 26.00 0.20
A -60 24.00 0.00
A -70 22.00 0.00
T -10
A -70 18.00 0.00
A -60 22.00 0.18
A -50 24.00 0.20
A -40 61.38 9.20
A -30 92.00 0.00
A -20 90.00 0.20
A -10 90.00 0.00
A 0 90.00 0.19
A 10 94.00 0.20
A 20 84.00 0.00
A 30 82.00 0.13
A 40 82.00 0.01
A 50 84.00 0.00
A 60 92.00 0.20
A 70 70.00 0.40
T 10
A 70 72.00 0.00
A 60 70.66 0.20
A 50 88.00 0.31
A 40 84.00 0.00
A 30 82.38 0.20
A 20 84.00 0.20
A 10 84.00 0.00
A 0 90.00 0.12
A -10 94.00 0.00
A -20 90.00 0.00
A -30 88.00 0.19
A -40 90.00 0.00
A -50 26.00 0.16
A -60 24.00 0.00
A -70 22.00 0.00
T -10
A -70 18.00 0.00
A -60 22.00 0.14
A -50 22.66 0.20
A -40 124.00 9.20
A -30 90.93 0.20
A -20 90.00 0.03
A -10 90.00 0.00
A 0 91.86 0.20
A 10 92.00 0.18
A 20 84.55 0.19
A 30 83.72 0.08
A 40 82.00 0.20
A 50 84.00 0.06
A 60 92.00 0.20
A 70 70.00 0.20
M 2
A 70 130.00 0.20
A 60 86.00 6.60
A 50 82.00 0.16
A 40 82.00 0.00
A 30 84.00 0.00
A 20 82.00 0.03
A 10 98.00 0.20
A 0 98.00 0.20
A -10 90.86 0.20
A -20 86.00 0.40
A -30 34.00 0.13
A -40 48.00 0.00
A -50 24.76 0.15
A -60 18.52 0.20
A -70 20.00 0.00
T 70
A -70 92.00 0.00
A -60 88.00 0.00
A -50 84.00 0.00
A -40 82.00 0.00
A -30 84.00 0.04
A -20 86.00 0.00
A -10 89.93 0.03
A 0 129.76 1.99
A 10 70.00 0.00
A 20 122.00 0.00
A 30 68.00 0.00
A 40 70.00 0.17
A 50 79.79 0.40
A 60 104.00 0.00
A 70 78.00 2.40
M 2
A 70 101.24 0.20
A 60 112.00 0.00
A 50 108.00 0.20
A 40 114.00 0.13
A 30 72.00 0.20
A 20 62.00 0.10
A 10 62.00 0.17
A 0 66.00 0.00
A -10 85.00 0.38
A -20 77.62 0.20
A -30 76.00 0.00
A -40 74.00 0.19
A -50 80.00 0.00
A -60 88.00 0.20
A -70 90.00 0.00
M 2
A -70 88.00 0.00
A -60 90.00 0.40
A -50 72.00 0.00
A -40 70.00 0.13
A -30 70.66 0.20
A -20 72.00 0.00
A -10 80.00 0.40
A 0 64.00 5.80
A 10 58.00 0.08
A 20 57.00 0.20
A 30 60.00 0.00
A 40 114.86 0.20
A 50 94.00 0.60
A 60 102.17 0.20
A 70 84.00 0.20
M 2
A 70 84.00 0.00
A 60 88.00 2.00
A 50 106.00 0.09
A 40 62.00 0.08
A 30 54.00 0.20
A 20 54.00 0.20
A 10 57.97 0.20
A 0 116.00 0.20
A -10 118.00 0.00
A -20 70.00 0.00
A -30 68.00 0.00
A -40 67.03 0.10
A -50 68.00 0.00
A -60 71.72 0.00
A -70 92.00 0.00
M 2
A -70 97.52 0.20
A -60 68.00 0.20
A -50 64.00 0.05
A -40 64.14 0.00
A -30 66.00 0.05
A -20 68.00 0.21
A -10 114.00 0.00
A 0 114.00 0.20
A 10 114.00 0.00
A 20 60.00 0.20
A 30 52.00 0.00
A 40 54.00 0.00
A 50 58.00 0.00
A 60 81.00 2.99
A 70 92.00 0.00
M 2
A 70 93.90 0.20
A 60 102.00 0.00
A 50 60.00 0.00
A 40 66.00 0.20
A 30 119.00 0.40
A 20 49.69 0.20
A 10 48.00 0.00
A 0 50.00 0.19
A -10 110.00 4.08
A -20 66.00 0.00
A -30 62.00 0.20
A -40 62.76 0.00
A -50 62.00 0.00
A -60 64.00 0.00
A -70 96.00 0.14
M 2
A -70 68.00 0.00
A -60 61.79 0.20
A -50 60.00 0.12
A -40 62.00 0.00
A -30 108.00 0.00
A -20 107.59 0.20
A -10 106.00 0.01
A 0 46.00 0.00
A 10 42.00 0.02
A 20 44.00 0.08
A 30 50.00 0.00
A 40 52.00 0.00
A 50 55.31 0.20
A 60 104.00 0.20
A 70 98.00 0.00
M 2
A 70 94.00 0.00
A 60 19.00 4.38
A 50 102.00 0.00
A 40 50.00 0.19
A 30 40.00 0.00
A 20 38.00 0.06
A 10 36.00 0.20
A 0 40.00 0.20
A -10 104.00 0.12
A -20 104.00 0.00
A -30 104.00 0.20
A -40 66.00 0.00
A -50 60.00 0.01
A -60 66.00 0.00
A -70 94.00 0.01
T -30
A -70 92.00 0.00
A -60 90.00 0.00
A -50 90.00 0.01
A -40 71.93 0.20
A -30 64.00 0.04
A -20 60.00 0.00
A -10 62.00 0.00
A 0 77.00 0.83
A 10 102.00 0.00
A 20 103.72 0.20
A 30 110.00 0.20
A 40 40.00 0.00
A 50 38.00 0.00
A 60 40.00 0.01
A 70 50.00 0.00
M 2
A 70 35.86 0.01
A 60 28.00 1.78
A 50 34.00 0.00
A 40 38.00 0.00
A 30 96.00 0.12
A 20 98.00 0.09
A 10 100.00 0.00
A 0 59.66 0.07
A -10 56.00 0.00
A -20 52.00 0.00
A -30 52.00 0.00
A -40 56.00 0.00
A -50 86.00 0.00
A -60 86.00 0.00
A -70 86.00 0.00
M 2
A -70 84.00 0.00
A -60 84.00 0.00
A -50 59.00 0.40
A -40 50.00 0.12
A -30 50.00 0.00
A -20 50.00 0.00
A -10 50.00 0.00
A 0 54.00 0.20
A 10 61.00 0.32
A 20 95.03 0.17
A 30 98.00 0.20
A 40 32.00 0.00
A 50 32.00 0.00
A 60 32.00 0.00
A 70 32.00 0.00
M 2
A 70 30.00 0.00
A 60 26.00 0.14
A 50 28.00 0.00
A 40 91.52 0.20
A 30 94.00 0.08
A 20 92.00 0.00
A 10 92.00 0.20
A 0 52.00 0.00
A -10 48.00 0.00
A -20 47.86 0.00
A -30 46.00 0.20
A -40 48.83 0.20
A -50 85.69 0.06
A -60 84.00 0.00
A -70 84.00 0.00
M 2
A -70 84.00 0.00
A -60 84.00 0.00
A -50 85.00 0.20
A -40 46.00 0.00
A -30 42.00 0.00
A -20 42.00 0.06
A -10 45.93 0.01
A 0 88.00 0.00
A 10 88.00 0.00
A 20 87.72 0.20
A 30 86.00 0.00
A 40 92.00 0.08
A 50 26.00 0.00
A 60 26.00 0.20
A 70 24.00 0.00
T 40
A 70 102.00 0.00
A 60 38.00 0.20
A 50 26.00 0.00
A 40 27.03 0.10
A 30 26.00 0.00
A 20 26.00 0.00
A 10 28.00 0.00
A 0 26.00 0.00
A -10 91.93 0.20
A -20 86.00 0.17
A -30 86.00 0.09
A -40 88.55 0.20
A -50 46.03 0.05
A -60 44.00 0.04
A -70 44.00 0.00
M 2
A -70 54.00 0.00
A -60 113.79 2.40
A -50 90.00 0.01
A -40 85.00 0.20
A -30 84.00 0.00
A -20 84.00 0.00
A -10 82.00 0.00
A 0 82.00 0.00
A 10 24.14 0.00
A 20 18.66 0.20
A 30 18.00 0.00
A 40 20.00 0.00
A 50 24.00 0.00
A 60 31.00 0.20
A 70 110.00 0.20
T -60
A 70 26.00 0.00
A 60 24.00 0.39
A 50 84.00 0.20
A 40 82.00 0.06
A 30 84.00 0.00
A 20 84.00 0.00
A 10 48.00 0.00
A 0 44.00 0.00
A -10 40.00 0.20
A -20 40.00 0.00
A -30 42.00 0.00
A -40 84.00 0.00
A -50 84.00 0.15
A -60 86.00 0.00
A -70 72.00 0.07
T -60
A -70 64.00 0.15
A -60 62.00 0.06
A -50 60.00 0.00
A -40 60.00 0.00
A -30 62.00 0.02
A -20 66.00 0.10
A -10 68.00 0.20
A 0 84.00 0.00
A 10 84.00 0.00
A 20 84.83 0.20
A 30 48.00 0.20
A 40 44.00 0.00
A 50 42.00 0.00
A 60 44.00 0.20
A 70 86.00 2.00
M 2
A 70 42.00 0.02
A 60 18.00 0.13
A 50 40.00 0.00
A 40 41.00 0.20
A 30 44.69 0.20
A 20 80.00 0.00
A 10 80.00 0.00
A 0 80.00 0.00
A -10 68.00 0.00
A -20 64.00 0.03
A -30 60.00 0.00
A -40 58.00 0.00
A -50 58.00 0.00
A -60 58.00 0.00
A -70 60.00 0.00
T 0
A -70 60.00 0.00
A -60 58.00 0.00
A -50 58.00 0.00
A -40 58.00 0.00
A -30 60.00 0.03
A -20 64.00 0.04
A -10 68.00 0.00
A 0 80.00 0.00
A 10 80.00 0.00
A 20 80.00 0.00
A 30 44.69 0.20
A 40 42.00 0.20
A 50 40.00 0.00
A 60 40.00 0.27
A 70 42.00 0.20
M 2
A 70 36.00 0.08
A 60 34.00 1.80
A 50 35.93 0.01
A 40 36.00 0.00
A 30 44.00 0.00
A 20 78.00 0.02
A 10 76.00 0.00
A 0 76.00 0.00
A -10 78.00 0.00
A -20 60.00 0.20
A -30 58.00 0.08
A -40 54.66 0.20
A -50 56.00 0.01
A -60 56.00 0.00
A -70 58.00 0.00
M 2
A -70 55.52 0.20
A -60 54.00 0.00
A -50 52.00 0.00
A -40 54.00 0.00
A -30 56.00 0.01
A -20 58.00 0.20
A -10 59.66 0.20
A 0 68.00 0.00
A 10 74.00 0.00
A 20 74.00 0.03
A 30 74.00 0.00
A 40 38.00 0.00
A 50 32.00 0.08
A 60 32.00 0.00
A 70 34.00 0.00
M 2
A 70 30.00 0.00
A 60 18.10 1.20
A 50 32.00 0.00
A 40 83.66 0.20
A 30 72.00 0.00
A 20 70.00 0.00
A 10 76.00 0.00
A 0 72.00 0.00
A -10 62.00 0.08
A -20 56.00 0.20
A -30 50.00 0.00
A -40 50.00 0.00
A -50 50.00 0.00
A -60 50.00 0.14
A -70 52.00 0.17
T 40
A -70 52.00 0.00
A -60 54.00 0.00
A -50 58.00 0.20
A -40 69.52 0.20
A -30 68.00 0.17
A -20 71.38 0.07
A -10 75.86 0.20
A 0 82.79 0.16
A 10 32.00 0.00
A 20 30.00 0.20
A 30 28.00 0.20
A 40 32.00 0.00
A 50 36.83 0.20
A 60 88.00 0.26
A 70 94.00 0.60
M 2
A 70 88.00 0.06
A 60 86.00 6.66
A 50 134.00 2.23
A 40 24.00 0.20
A 30 24.00 0.00
A 20 25.17 0.19
A 10 26.97 0.10
A 0 38.00 0.00
A -10 105.41 3.13
A -20 68.00 0.00
A -30 66.00 0.00
A -40 65.52 0.15
A -50 66.00 0.05
A -60 68.00 0.00
A -70 58.00 0.00
T 50
A -70 68.00 0.00
A -60 80.00 0.00
A -50 82.00 0.00
A -40 27.03 0.10
A -30 24.00 0.00
A -20 24.00 0.00
A -10 26.45 0.20
A 0 36.00 0.11
A 10 84.00 0.00
A 20 84.00 0.00
A 30 84.00 0.00
A 40 90.83 0.40
A 50 92.97 0.60
A 60 41.00 0.20
A 70 40.00 0.00
T 50
A 70 102.00 0.00
A 60 104.00 8.61
A 50 106.00 0.21
A 40 40.00 0.01
A 30 40.00 0.00
A 20 38.00 0.00
A 10 42.00 0.00
A 0 88.00 1.60
A -10 92.00 0.00
A -20 85.03 0.00
A -30 84.00 0.00
A -40 84.00 0.00
A -50 33.90 5.02
A -60 26.00 0.00
A -70 28.00 0.00
M 2
A -70 26.00 0.00
A -60 31.79 0.07
A -50 32.00 0.20
A -40 80.00 0.11
A -30 80.00 0.17
A -20 80.00 0.17
A -10 84.00 0.00
A 0 88.00 0.20
A 10 35.86 0.01
A 20 34.00 0.00
A 30 32.00 0.00
A 40 34.00 0.00
A 50 40.00 0.17
A 60 117.00 0.94
A 70 104.00 0.00
M 2
A 70 106.00 0.00
A 60 108.00 9.60
A 50 34.34 0.03
A 40 32.00 0.00
A 30 30.00 0.00
A 20 30.00 0.00
A 10 36.00 0.00
A 0 84.00 0.00
A -10 80.00 0.00
A -20 78.00 0.12
A -30 78.00 0.00
A -40 78.00 0.20
A -50 78.00 0.00
A -60 34.00 0.00
A -70 26.00 0.10
M 2
A -70 30.00 0.00
A -60 31.31 0.07
A -50 74.00 0.09
A -40 74.00 0.00
A -30 72.00 0.18
A -20 74.00 0.00
A -10 76.00 0.00
A 0 80.00 0.00
A 10 26.79 0.16
A 20 26.00 0.00
A 30 26.00 0.01
A 40 24.00 0.00
A 50 35.00 0.22
A 60 45.83 0.06
A 70 107.72 0.20
T 70
A 70 77.14 0.20
A 60 76.00 0.20
A 50 100.00 0.00
A 40 100.00 0.03
A 30 100.00 0.00
A 20 100.00 0.00
A 10 102.00 0.08
A 0 108.00 0.00
A -10 46.00 0.29
A -20 28.55 0.00
A -30 26.72 0.16
A -40 28.00 0.00
A -50 28.00 0.00
A -60 30.00 0.00
A -70 82.00 0.08
M 2
A -70 28.00 0.00
A -60 26.00 0.00
A -50 24.00 0.00
A -40 25.52 0.05
A -30 24.00 0.00
A -20 109.76 0.05
A -10 112.00 0.00
A 0 103.79 0.20
A 10 102.00 0.08
A 20 98.00 0.00
A 30 96.00 0.10
A 40 96.41 0.12
A 50 96.00 0.00
A 60 84.00 0.20
A 70 73.66 0.20
T -10
A 70 80.00 0.15
A 60 90.00 7.60
A 50 96.00 0.00
A 40 96.00 0.00
A 30 98.00 0.00
A 20 100.62 0.07
A 10 108.00 0.06
A 0 106.00 0.20
A -10 26.00 0.00
A -20 26.00 0.10
A -30 24.00 0.04
A -40 22.24 0.08
A -50 24.00 0.00
A -60 33.21 0.40
A -70 78.00 0.00
T 10
A -70 26.00 0.00
A -60 26.00 0.00
A -50 24.00 0.00
A -40 24.00 0.00
A -30 24.41 0.10
A -20 109.00 8.20
A -10 112.00 0.20
A 0 104.00 0.00
A 10 102.00 0.00
A 20 98.00 0.00
A 30 96.97 0.20
A 40 96.00 0.10
A 50 97.00 0.20
A 60 82.00 0.40
A 70 69.00 5.03
T -10
A 70 80.00 0.00
A 60 87.00 2.00
A 50 96.00 0.00
A 40 96.00 0.20
A 30 98.00 0.00
A 20 100.00 0.00
A 10 108.00 0.20
A 0 106.00 0.00
A -10 26.00 0.00
A -20 28.00 0.20
A -30 23.72 0.08
A -40 22.00 0.00
A -50 23.93 0.20
A -60 31.00 0.20
A -70 78.00 0.00
T 10
A -70 26.00 0.00
A -60 26.00 0.00
A -50 24.00 0.00
A -40 24.00 0.14
A -30 24.00 0.00
A -20 111.79 0.25
A -10 111.86 0.20
A 0 104.00 0.00
A 10 102.00 0.20
A 20 98.00 0.00
A 30 98.00 0.05
A 40 96.00 0.00
A 50 96.00 0.00
A 60 82.93 0.20
A 70 73.00 0.20
T 43
A 70 66.00 0.05
A 60 64.00 4.60
A 50 64.00 0.00
A 40 66.00 0.00
A 30 74.00 0.06
A 20 80.00 0.18
A 10 96.00 0.00
A 0 96.00 0.00
A -10 95.93 0.20
A -20 97.00 0.20
A -30 98.00 0.00
A -40 104.00 0.15
A -50 108.00 0.00
A -60 44.00 0.00
A -70 28.00 0.04
M 2
A -70 30.00 0.00
A -60 38.00 0.16
A -50 99.03 0.23
A -40 96.00 0.00
A -30 94.83 0.00
A -20 92.00 0.00
A -10 92.00 0.00
A 0 92.00 0.00
A 10 92.00 0.00
A 20 86.31 0.52
A 30 66.00 0.10
A 40 62.00 0.00
A 50 62.00 0.00
A 60 60.00 0.20
A 70 63.00 0.20
M 2
A 70 60.00 0.00
A 60 58.00 0.17
A 50 60.00 0.00
A 40 62.00 0.01
A 30 65.00 0.10
A 20 90.00 0.00
A 10 88.00 0.00
A 0 88.00 0.00
A -10 88.00 0.00
A -20 88.00 0.00
A -30 90.00 0.14
A -40 94.00 0.40
A -50 94.00 0.14
A -60 90.93 0.40
A -70 30.00 0.08
M 2
A -70 46.00 0.01
A -60 100.00 0.15
A -50 100.00 0.20
A -40 92.00 0.00
A -30 86.55 0.14
A -20 85.00 0.06
A -10 84.00 0.00
A 0 84.00 0.00
A 10 84.00 0.00
A 20 84.00 0.18
A 30 64.00 0.15
A 40 58.00 0.10
A 50 58.00 0.00
A 60 58.00 0.20
A 70 58.00 0.00
M 2
A 70 56.00 0.00
A 60 54.00 3.60
A 50 54.00 0.00
A 40 57.66 0.20
A 30 84.00 0.00
A 20 80.00 0.00
A 10 80.00 0.00
A 0 80.00 0.06
A -10 80.00 0.00
A -20 82.00 0.00
A -30 85.24 0.20
A -40 88.00 0.12
A -50 100.00 0.03
A -60 62.00 0.40
A -70 42.00 0.00
M 2
A -70 98.00 0.00
A -60 98.00 0.00
A -50 96.00 0.12
A -40 93.00 0.19
A -30 100.00 0.00
A -20 86.00 0.00
A -10 78.00 0.06
A 0 76.69 0.20
A 10 78.00 0.00
A 20 68.00 0.41
A 30 57.00 0.20
A 40 54.69 0.20
A 50 52.00 0.00
A 60 52.00 0.00
A 70 52.00 0.00
M 2
A 70 50.00 0.00
A 60 50.00 0.00
A 50 50.00 0.00
A 40 52.00 0.17
A 30 56.00 0.00
A 20 75.31 0.07
A 10 76.00 0.00
A 0 77.00 0.16
A -10 72.00 0.00
A -20 76.00 0.00
A -30 82.00 0.00
A -40 94.00 0.00
A -50 94.00 0.00
A -60 94.00 0.01
A -70 96.00 0.20
M 2
A -70 94.72 0.20
A -60 97.00 0.20
A -50 94.00 0.14
A -40 92.00 0.04
A -30 72.00 0.08
A -20 70.00 0.03
A -10 68.00 0.00
A 0 68.00 0.00
A 10 70.00 0.00
A 20 68.00 0.06
A 30 70.00 0.00
A 40 52.00 0.00
A 50 48.00 0.19
A 60 48.00 0.00
A 70 48.00 0.00
M 2
A 70 48.00 0.06
A 60 46.00 0.00
A 50 48.00 0.00
A 40 68.00 0.00
A 30 68.00 0.15
A 20 66.00 0.00
A 10 64.00 0.00
A 0 64.00 0.00
A -10 64.00 0.00
A -20 65.72 0.20
A -30 66.00 0.00
A -40 72.00 0.18
A -50 86.00 0.20
A -60 91.72 0.20
A -70 66.00 0.20
M 2
A -70 86.00 0.00
A -60 84.00 0.14
A -50 80.00 0.20
A -40 70.00 0.20
A -30 64.00 0.01
A -20 61.24 0.12
A -10 60.00 0.00
A 0 60.00 0.00
A 10 60.00 0.00
A 20 60.00 0.20
A 30 62.00 0.08
A 40 56.00 0.20
A 50 46.00 0.00
A 60 44.00 0.00
A 70 44.00 0.00
M 2
A 70 43.31 0.20
A 60 43.66 2.60
A 50 44.00 0.00
A 40 68.00 0.00
A 30 60.00 0.03
A 20 58.00 0.20
A 10 58.00 0.20
A 0 56.00 0.00
A -10 56.00 0.00
A -20 57.76 0.20
A -30 60.00 0.00
A -40 70.00 0.20
A -50 78.00 0.00
A -60 78.00 0.00
A -70 82.00 0.20
M 2
A -70 92.00 0.00
A -60 88.00 0.00
A -50 83.00 0.23
A -40 65.52 0.14
A -30 58.00 0.17
A -20 54.00 0.00
A -10 52.00 0.00
A 0 52.00 0.00
A 10 52.00 0.00
A 20 53.00 0.05
A 30 62.00 0.00
A 40 58.24 0.00
A 50 42.00 0.20
A 60 40.55 0.00
A 70 40.00 0.00
M 2
A 70 38.00 0.00
A 60 38.00 0.00
A 50 42.00 0.00
A 40 58.00 0.00
A 30 54.00 0.00
A 20 50.00 0.01
A 10 48.00 0.00
A 0 48.00 0.00
A -10 48.00 0.00
A -20 50.00 0.01
A -30 57.90 0.03
A -40 64.00 0.00
A -50 65.90 0.20
A -60 70.00 0.05
A -70 87.72 0.06
M 2
A -70 88.00 0.00
A -60 68.00 0.00
A -50 63.72 0.20
A -40 58.00 0.28
A -30 46.97 0.20
A -20 44.00 0.00
A -10 44.00 0.20
A 0 44.00 0.00
A 10 44.00 0.00
A 20 46.00 0.09
A 30 49.97 0.01
A 40 56.00 0.00
A 50 41.38 0.17
A 60 38.00 0.00
A 70 38.00 0.00
M 2
A 70 36.00 0.08
A 60 18.24 1.80
A 50 40.00 0.00
A 40 52.00 0.01
A 30 50.00 0.00
A 20 42.00 0.00
A 10 40.00 0.00
A 0 40.00 0.08
A -10 40.00 0.01
A -20 40.00 0.00
A -30 44.00 0.20
A -40 56.00 0.00
A -50 56.90 0.20
A -60 90.00 0.00
A -70 85.97 0.20
T -60
A -70 56.00 0.00
A -60 54.00 0.00
A -50 56.00 0.00
A -40 56.00 0.19
A -30 63.66 0.40
A -20 80.00 0.20
A -10 90.00 0.00
A 0 62.00 0.20
A 10 60.76 0.17
A 20 48.00 0.01
A 30 44.00 0.00
A 40 42.00 0.00
A 50 40.00 0.00
A 60 40.00 0.00
A 70 42.00 0.00
M 2
A 70 40.00 0.00
A 60 38.62 0.06
A 50 38.00 0.00
A 40 40.00 0.00
A 30 42.00 0.00
A 20 52.00 0.00
A 10 59.79 0.06
A 0 61.62 0.20
A -10 80.00 0.00
A -20 68.00 0.00
A -30 80.00 0.00
A -40 56.00 0.20
A -50 54.00 0.00
A -60 52.00 0.00
A -70 54.00 0.01
M 2
A -70 52.00 0.00
A -60 52.00 0.00
A -50 52.00 0.00
A -40 54.00 0.17
A -30 59.86 0.20
A -20 72.00 0.00
A -10 74.00 0.20
A 0 60.00 0.00
A 10 56.00 0.00
A 20 53.00 0.20
A 30 41.10 0.20
A 40 38.00 0.00
A 50 36.76 0.10
A 60 36.00 0.00
A 70 38.00 0.00
M 2
A 70 34.00 0.00
A 60 25.10 1.58
A 50 34.90 0.09
A 40 35.86 0.00
A 30 36.41 0.11
A 20 48.00 0.20
A 10 48.00 0.20
A 0 54.00 0.20
A -10 63.00 0.20
A -20 68.00 0.20
A -30 73.41 0.40
A -40 54.00 0.02
A -50 52.00 0.00
A -60 50.59 0.14
A -70 51.45 0.20
T -30
A -70 57.59 0.20
A -60 52.00 0.14
A -50 50.00 0.14
A -40 50.00 0.00
A -30 50.00 0.00
A -20 50.00 0.00
A -10 54.00 0.00
A 0 58.00 0.00
A 10 72.00 0.00
A 20 66.00 0.00
A 30 58.00 0.00
A 40 56.00 0.20
A 50 44.00 0.01
A 60 44.00 0.00
A 70 36.00 0.00
M 2
A 70 35.86 0.01
A 60 26.00 1.80
A 50 56.00 0.00
A 40 58.00 0.00
A 30 58.48 0.12
A 20 66.00 0.20
A 10 73.97 0.20
A 0 61.24 0.12
A -10 64.00 0.00
A -20 48.00 0.00
A -30 48.00 0.00
A -40 47.93 0.01
A -50 48.00 0.06
A -60 50.00 0.12
A -70 53.93 0.20
M 2
A -70 54.00 0.03
A -60 55.00 0.20
A -50 45.59 0.20
A -40 44.00 0.00
A -30 44.00 0.00
A -20 46.00 0.20
A -10 58.00 0.13
A 0 64.00 0.08
A 10 68.00 0.00
A 20 72.00 0.00
A 30 64.00 0.00
A 40 70.00 0.00
A 50 38.00 0.12
A 60 36.00 0.11
A 70 34.17 0.03
M 2
A 70 34.00 0.00
A 60 25.00 1.60
A 50 36.00 0.00
A 40 44.00 0.00
A 30 68.00 0.20
A 20 64.00 0.00
A 10 62.00 0.00
A 0 65.76 0.14
A -10 46.00 0.00
A -20 42.00 0.08
A -30 42.00 0.00
A -40 40.00 0.00
A -50 42.00 0.00
A -60 44.00 0.00
A -70 48.00 0.00
T 30
A -70 42.00 0.00
A -60 42.00 0.00
A -50 44.00 0.20
A -40 46.00 0.00
A -30 53.97 0.20
A -20 64.00 0.06
A -10 64.00 0.00
A 0 46.00 0.00
A 10 48.00 0.17
A 20 34.00 0.00
A 30 34.00 0.00
A 40 32.00 0.18
A 50 30.45 0.00
A 60 30.00 0.00
A 70 34.00 0.00
M 2
A 70 31.72 0.04
A 60 18.59 0.98
A 50 28.00 0.06
A 40 28.00 0.00
A 30 32.00 0.00
A 20 35.86 0.01
A 10 42.00 0.06
A 0 48.69 0.20
A -10 64.00 0.00
A -20 57.48 0.20
A -30 58.00 0.00
A -40 56.00 0.18
A -50 44.00 0.00
A -60 42.00 0.00
A -70 40.00 0.12
T -10
A -70 40.00 0.12
A -60 40.00 0.00
A -50 40.00 0.00
A -40 42.00 0.20
A -30 52.00 0.20
A -20 58.00 0.00
A -10 58.00 0.00
A 0 60.00 0.00
A 10 48.00 0.00
A 20 44.00 0.04
A 30 36.00 0.00
A 40 30.00 0.00
A 50 30.00 0.00
A 60 30.00 0.00
A 70 30.00 0.00
M 2
A 70 28.55 0.06
A 60 26.00 0.80
A 50 26.00 0.00
A 40 29.66 0.17
A 30 52.00 0.03
A 20 42.00 0.00
A 10 58.00 0.00
A 0 48.00 0.00
A -10 52.00 0.00
A -20 50.00 0.06
A -30 44.69 0.15
A -40 42.00 0.00
A -50 38.00 0.00
A -60 38.00 0.00
A -70 40.00 0.04
M 2
A -70 38.00 0.00
A -60 38.00 0.00
A -50 38.00 0.00
A -40 38.00 0.00
A -30 52.00 0.00
A -20 52.00 0.00
A -10 54.00 0.00
A 0 50.00 0.00
A 10 46.00 0.00
A 20 36.00 0.20
A 30 27.59 0.20
A 40 26.00 0.00
A 50 26.00 0.10
A 60 26.00 0.00
A 70 26.00 0.00
M 2
A 70 24.00 0.00
A 60 19.00 0.20
A 50 22.00 0.00
A 40 24.00 0.00
A 30 28.00 0.00
A 20 32.00 0.00
A 10 42.00 0.20
A 0 44.97 0.20
A -10 48.00 0.00
A -20 46.00 0.00
A -30 53.72 0.20
A -40 52.00 0.00
A -50 36.00 0.04
A -60 36.00 0.20
A -70 36.76 0.20
T -30
A -70 46.45 0.10
A -60 40.00 0.00
A -50 36.00 0.20
A -40 36.00 0.00
A -30 36.28 0.11
A -20 36.00 0.04
A -10 40.00 0.04
A 0 50.00 0.00
A 10 48.55 0.20
A 20 51.72 0.20
A 30 48.00 0.19
A 40 48.00 0.14
A 50 33.79 0.18
A 60 26.00 0.05
A 70 26.00 0.00
M 2
A 70 23.79 0.20
A 60 18.00 0.40
A 50 29.52 0.18
A 40 36.00 0.00
A 30 36.00 0.20
A 20 48.00 0.07
A 10 44.00 0.00
A 0 46.00 0.00
A -10 35.31 0.13
A -20 34.00 0.08
A -30 32.00 0.00
A -40 32.00 0.00
A -50 33.79 0.18
A -60 37.83 0.05
A -70 58.00 0.00
T -70
A -70 86.45 0.20
A -60 156.14 0.20
A -50 114.00 0.00
A -40 112.00 0.06
A -30 66.00 0.08
A -20 60.00 0.20
A -10 56.90 0.20
A 0 56.34 0.20
A 10 32.00 0.00
A 20 32.00 0.00
A 30 32.00 0.00
A 40 32.00 0.14
A 50 32.00 0.20
A 60 39.93 0.20
A 70 46.00 0.00
M 2
A 70 40.90 0.20
A 60 18.52 1.60
A 50 30.00 0.20
A 40 30.00 0.05
A 30 28.00 0.00
A 20 30.00 0.00
A 10 30.00 0.00
A 0 35.00 0.17
A -10 50.00 0.00
A -20 87.00 4.40
A -30 108.00 0.00
A -40 108.00 0.00
A -50 108.00 0.11
A -60 112.00 0.00
A -70 87.00 0.60
T -60
A -70 64.00 0.00
A -60 78.00 0.00
A -50 75.93 0.11
A -40 74.00 0.00
A -30 76.00 0.00
A -20 78.00 0.00
A -10 152.62 0.20
A 0 152.00 0.20
A 10 110.00 0.08
A 20 108.00 0.04
A 30 108.00 0.00
A 40 56.62 0.20
A 50 38.31 0.00
A 60 36.00 0.20
A 70 30.00 0.00
M 2
A 70 30.00 0.00
A 60 18.00 0.00
A 50 42.00 0.00
A 40 52.55 0.20
A 30 104.00 0.00
A 20 104.00 0.00
A 10 104.00 0.00
A 0 127.00 4.01
A -10 120.00 0.40
A -20 78.00 0.00
A -30 74.00 0.20
A -40 72.00 0.08
A -50 72.00 0.00
A -60 74.00 0.00
A -70 66.00 0.00
T -10
A -70 62.38 0.13
A -60 66.00 0.00
A -50 72.00 0.00
A -40 72.00 0.00
A -30 72.00 0.00
A -20 74.00 0.00
A -10 78.28 0.20
A 0 88.07 0.26
A 10 110.00 0.00
A 20 106.00 0.00
A 30 104.00 0.00
A 40 104.00 0.15
A 50 52.00 0.00
A 60 44.00 0.20
A 70 44.07 0.08
M 2
A 70 44.00 0.00
A 60 44.00 0.20
A 50 104.00 0.20
A 40 100.00 0.38
A 30 100.00 0.00
A 20 100.00 0.20
A 10 104.00 0.00
A 0 108.00 0.23
A -10 88.00 0.20
A -20 88.00 0.01
A -30 75.00 0.20
A -40 70.00 0.00
A -50 70.00 0.00
A -60 72.00 0.14
A -70 103.00 3.16
M 2
A -70 88.00 0.00
A -60 74.00 0.20
A -50 72.00 0.08
A -40 70.00 0.00
A -30 82.72 0.60
A -20 88.00 0.00
A -10 91.31 0.26
A 0 141.00 0.20
A 10 102.00 0.00
A 20 98.00 0.00
A 30 97.76 0.20
A 40 96.00 0.20
A 50 49.00 0.40
A 60 44.00 0.00
A 70 44.00 0.04
M 2
A 70 40.00 0.00
A 60 42.00 2.79
A 50 54.00 4.20
A 40 92.00 0.14
A 30 92.00 0.20
A 20 94.00 0.09
A 10 100.00 0.20
A 0 132.00 0.20
A -10 78.00 0.09
A -20 68.00 0.00
A -30 65.97 0.20
A -40 64.00 0.00
A -50 65.52 0.03
A -60 68.00 0.00
A -70 108.00 0.20
M 2
A -70 60.00 0.00
A -60 63.59 0.20
A -50 62.21 0.02
A -40 62.00 0.00
A -30 62.72 0.20
A -20 66.00 0.05
A -10 136.00 0.26
A 0 128.00 0.34
A 10 130.86 0.40
A 20 92.00 0.20
A 30 90.00 0.00
A 40 90.00 0.00
A 50 90.00 0.03
A 60 44.00 0.00
A 70 44.00 0.01
M 2
A 70 42.00 0.00
A 60 18.00 0.05
A 50 88.00 0.00
A 40 86.00 0.09
A 30 86.00 0.16
A 20 90.00 0.03
A 10 96.00 0.40
A 0 122.21 0.20
A -10 76.00 0.40
A -20 64.00 0.10
A -30 60.00 0.00
A -40 59.72 0.03
A -50 58.00 0.17
A -60 60.00 0.00
A -70 60.62 0.17
T 0
A -70 61.79 0.20
A -60 60.00 0.00
A -50 59.00 0.20
A -40 59.86 0.20
A -30 60.00 0.00
A -20 62.00 0.20
A -10 76.00 0.00
A 0 122.00 0.00
A 10 94.17 0.00
A 20 91.59 0.20
A 30 88.00 0.20
A 40 86.00 0.00
A 50 88.00 0.00
A 60 42.00 0.02
A 70 42.00 0.00
M 2
A 70 40.00 0.00
A 60 43.00 2.55
A 50 84.00 3.55
A 40 84.00 0.00
A 30 84.00 0.20
A 20 89.00 0.25
A 10 118.00 0.20
A 0 114.00 0.08
A -10 90.45 0.57
A -20 64.00 0.00
A -30 58.00 0.00
A -40 56.00 0.00
A -50 56.00 0.00
A -60 56.00 0.17
A -70 60.00 0.00
M 2
A -70 56.00 0.17
A -60 54.00 0.09
A -50 54.00 0.00
A -40 54.00 0.00
A -30 56.00 0.00
A -20 59.66 0.20
A -10 112.00 0.03
A 0 112.00 0.00
A 10 112.00 0.00
A 20 91.86 0.20
A 30 84.00 0.00
A 40 82.00 0.20
A 50 82.59 0.20
A 60 44.00 0.00
A 70 39.86 0.04
M 2
A 70 40.00 0.00
A 60 18.00 2.80
A 50 78.00 0.00
A 40 78.00 0.20
A 30 78.00 0.00
A 20 80.00 0.17
A 10 112.00 0.03
A 0 106.00 0.20
A -10 104.00 0.00
A -20 62.48 0.20
A -30 54.90 0.00
A -40 52.00 0.10
A -50 52.00 0.00
A -60 52.00 0.00
A -70 52.00 0.19
T 10
A -70 53.00 0.20
A -60 52.00 0.00
A -50 52.00 0.00
A -40 54.00 0.00
A -30 104.00 0.32
A -20 105.00 0.25
A -10 107.03 0.20
A 0 116.00 0.00
A 10 82.00 3.40
A 20 78.00 0.10
A 30 78.48 0.07
A 40 78.00 0.00
A 50 50.45 2.23
A 60 40.83 0.20
A 70 39.59 0.00
M 2
A 70 40.00 0.00
A 60 41.00 2.47
A 50 75.31 0.20
A 40 72.00 0.00
A 30 72.00 0.00
A 20 72.00 0.00
A 10 74.00 0.00
A 0 110.00 0.30
A -10 114.00 0.20
A -20 64.00 0.00
A -30 60.00 0.00
A -40 56.41 0.20
A -50 50.00 0.20
A -60 50.00 0.00
A -70 50.00 0.00
M 2
A -70 50.00 0.00
A -60 49.00 0.20
A -50 49.59 0.20
A -40 52.00 0.00
A -30 118.00 5.63
A -20 108.76 0.20
A -10 101.66 0.18
A 0 78.00 0.20
A 10 72.00 0.00
A 20 68.00 0.20
A 30 68.55 0.06
A 40 68.00 0.00
A 50 70.00 0.00
A 60 74.00 0.09
A 70 42.00 0.00
M 2
A 70 46.00 0.20
A 60 18.00 5.20
A 50 66.00 0.00
A 40 64.00 0.00
A 30 64.00 0.00
A 20 66.00 0.00
A 10 70.00 0.20
A 0 125.00 4.48
A -10 100.00 0.00
A -20 68.00 0.30
A -30 60.00 0.12
A -40 58.00 0.00
A -50 50.00 0.00
A -60 48.00 0.00
A -70 48.00 0.00
T -10
A -70 50.00 0.00
A -60 48.00 0.00
A -50 48.00 0.00
A -40 49.83 0.20
A -30 60.00 0.00
A -20 60.00 0.20
A -10 66.38 0.40
A 0 98.86 0.20
A 10 149.00 0.20
A 20 70.00 0.00
A 30 66.00 0.00
A 40 64.00 0.08
A 50 64.00 0.00
A 60 65.00 0.20
A 70 70.00 0.36
M 2
A 70 70.00 0.20
A 60 64.00 4.55
A 50 62.00 0.00
A 40 62.00 0.08
A 30 63.86 0.20
A 20 66.00 0.20
A 10 94.00 0.00
A 0 91.86 0.03
A -10 102.00 0.02
A -20 58.59 0.13
A -30 57.86 0.20
A -40 46.00 0.20
A -50 46.00 0.00
A -60 46.00 0.00
A -70 46.79 0.20
M 2
A -70 44.00 0.00
A -60 44.00 0.00
A -50 44.00 0.00
A -40 45.24 0.20
A -30 52.00 0.00
A -20 56.00 0.18
A -10 84.00 0.15
A 0 87.00 0.08
A 10 88.00 0.08
A 20 94.90 0.00
A 30 62.00 0.03
A 40 60.00 0.00
A 50 60.00 0.00
A 60 60.00 0.00
A 70 67.52 0.25
M 2
A 70 65.90 0.20
A 60 60.00 0.20
A 50 58.00 0.00
A 40 58.00 0.00
A 30 137.00 3.68
A 20 92.00 0.00
A 10 89.00 0.16
A 0 84.00 0.00
A -10 82.00 0.00
A -20 83.00 0.20
A -30 49.28 0.40
A -40 44.00 0.00
A -50 42.00 0.02
A -60 42.00 0.00
A -70 43.59 0.20
M 2
A -70 42.00 0.00
A -60 40.00 0.00
A -50 40.00 0.07
A -40 42.00 0.00
A -30 45.93 0.00
A -20 78.66 0.00
A -10 81.10 0.12
A 0 88.00 0.11
A 10 86.00 0.00
A 20 84.00 0.40
A 30 67.79 0.20
A 40 64.00 0.00
A 50 56.00 0.20
A 60 108.00 4.80
A 70 106.00 0.00
M 2
A 70 58.00 0.03
A 60 18.00 3.40
A 50 103.00 4.80
A 40 98.00 0.00
A 30 96.00 0.00
A 20 84.00 0.11
A 10 80.00 0.20
A 0 76.83 0.20
A -10 75.00 0.11
A -20 48.00 0.00
A -30 44.00 0.00
A -40 51.72 0.80
A -50 40.00 0.00
A -60 38.00 0.20
A -70 38.00 0.00
T 50
A -70 48.00 0.00
A -60 62.00 0.40
A -50 78.00 0.00
A -40 130.72 5.00
A -30 82.00 0.00
A -20 82.17 0.20
A -10 52.00 0.00
A 0 50.00 0.00
A 10 50.00 0.00
A 20 52.00 0.12
A 30 56.00 0.20
A 40 104.00 0.00
A 50 60.34 0.60
A 60 46.00 0.00
A 70 45.93 0.20
M 2
A 70 44.00 0.00
A 60 44.00 2.60
A 50 102.00 0.00
A 40 100.00 0.06
A 30 50.00 0.00
A 20 46.00 0.00
A 10 46.00 0.00
A 0 46.00 0.00
A -10 46.00 0.00
A -20 51.59 0.20
A -30 80.00 0.20
A -40 74.00 0.00
A -50 73.79 0.08
A -60 72.00 0.00
A -70 94.10 2.92
M 2
A -70 70.00 0.00
A -60 70.00 0.00
A -50 70.00 0.00
A -40 72.00 0.07
A -30 76.62 0.20
A -20 54.00 0.10
A -10 44.00 0.00
A 0 44.00 0.14
A 10 42.00 0.00
A 20 42.00 0.08
A 30 98.00 0.20
A 40 98.00 0.00
A 50 98.00 0.00
A 60 44.00 0.14
A 70 44.00 0.04
M 2
A 70 44.00 0.00
A 60 45.00 2.88
A 50 98.00 0.00
A 40 96.00 0.00
A 30 43.38 0.20
A 20 38.00 0.20
A 10 37.83 0.20
A 0 37.83 0.03
A -10 38.00 0.00
A -20 47.59 0.06
A -30 72.00 0.00
A -40 70.00 0.00
A -50 68.00 0.00
A -60 73.69 0.20
A -70 70.00 0.00
M 2
A -70 68.00 0.00
A -60 68.48 0.11
A -50 69.10 0.09
A -40 71.59 0.07
A -30 80.00 0.00
A -20 86.00 0.17
A -10 34.34 0.00
A 0 32.00 0.00
A 10 32.00 0.00
A 20 34.00 0.00
A 30 38.31 0.06
A 40 92.00 0.00
A 50 92.00 0.01
A 60 100.00 0.00
A 70 44.00 0.00
M 2
A 70 44.00 0.14
A 60 18.00 2.80
A 50 90.00 0.09
A 40 90.00 0.00
A 30 30.00 0.00
A 20 30.00 0.08
A 10 30.00 0.05
A 0 29.52 0.20
A -10 32.00 0.00
A -20 32.69 0.06
A -30 72.00 0.20
A -40 68.00 0.20
A -50 66.31 0.16
A -60 66.00 0.00
A -70 68.00 0.00
T 40
A -70 126.00 0.16
A -60 40.00 0.00
A -50 30.00 0.00
A -40 28.00 0.00
A -30 28.00 0.00
A -20 28.00 0.20
A -10 40.00 0.19
A 0 88.00 0.00
A 10 88.00 0.10
A 20 90.00 0.41
A 30 81.00 2.80
A 40 42.00 0.00
A 50 40.00 0.00
A 60 42.00 0.00
A 70 44.00 0.10
M 2
A 70 40.00 0.00
A 60 38.00 2.00
A 50 38.00 0.00
A 40 96.21 0.20
A 30 90.00 0.20
A 20 84.55 0.20
A 10 84.00 0.00
A 0 84.00 0.00
A -10 84.00 0.00
A -20 28.00 0.00
A -30 28.00 0.00
A -40 28.00 0.00
A -50 28.00 0.00
A -60 30.00 0.00
A -70 82.00 0.02
M 2
A -70 74.00 0.00
A -60 28.00 0.00
A -50 22.00 0.05
A -40 22.00 0.00
A -30 23.38 0.20
A -20 28.00 0.00
A -10 26.00 0.16
A 0 78.00 0.00
A 10 80.00 0.00
A 20 80.00 0.00
A 30 82.00 0.00
A 40 89.03 0.20
A 50 40.00 0.20
A 60 38.00 0.00
A 70 39.17 0.00
T 40
A 70 104.00 0.20
A 60 18.10 8.60
A 50 119.66 0.20
A 40 40.00 0.00
A 30 36.00 0.00
A 20 35.31 0.00
A 10 38.00 0.00
A 0 44.00 0.00
A -10 90.00 0.00
A -20 80.00 0.12
A -30 80.00 0.00
A -40 80.00 0.20
A -50 36.00 0.00
A -60 26.72 0.20
A -70 24.00 0.00
T 50
A -70 84.00 0.00
A -60 84.00 0.00
A -50 44.97 0.20
A -40 38.00 0.00
A -30 34.00 0.00
A -20 36.00 0.00
A -10 38.00 0.00
A 0 44.00 0.20
A 10 118.00 0.00
A 20 102.00 2.04
A 30 101.72 0.18
A 40 100.00 0.00
A 50 100.00 0.20
A 60 99.86 0.03
A 70 84.00 0.20
M 2
A 70 73.90 0.06
A 60 18.00 7.80
A 50 96.97 0.20
A 40 98.00 0.00
A 30 98.00 0.00
A 20 102.00 0.20
A 10 114.66 0.13
A 0 76.00 0.01
A -10 34.34 0.03
A -20 32.90 0.19
A -30 32.00 0.00
A -40 32.00 0.00
A -50 34.00 0.00
A -60 84.00 0.20
A -70 82.00 0.00
T 10
A -70 84.00 0.00
A -60 34.00 0.03
A -50 32.00 0.03
A -40 32.00 0.00
A -30 32.00 0.00
A -20 38.03 0.04
A -10 116.41 0.08
A 0 106.00 0.25
A 10 100.00 0.00
A 20 99.72 0.00
A 30 98.00 0.06
A 40 96.00 0.00
A 50 96.00 0.04
A 60 96.00 0.20
A 70 64.00 0.00
M 2
A 70 78.00 0.20
A 60 18.31 4.57
A 50 94.00 0.00
A 40 94.00 0.00
A 30 94.00 0.00
A 20 96.00 0.00
A 10 100.00 0.12
A 0 100.07 0.20
A -10 48.00 0.10
A -20 32.00 0.00
A -30 30.00 0.00
A -40 30.00 0.00
A -50 30.00 0.00
A -60 31.86 0.01
A -70 84.00 0.00
T 0
A -70 84.00 0.00
A -60 30.00 0.20
A -50 30.00 0.00
A -40 30.00 0.00
A -30 30.00 0.01
A -20 32.00 0.00
A -10 50.00 0.00
A 0 100.14 0.28
A 10 100.00 0.00
A 20 96.00 0.00
A 30 94.00 0.00
A 40 94.00 0.00
A 50 94.00 0.00
A 60 94.00 0.00
A 70 64.76 1.00
M 2
A 70 68.00 0.15
A 60 90.00 2.00
A 50 91.79 0.20
A 40 90.97 0.20
A 30 92.00 0.00
A 20 93.34 0.20
A 10 100.00 0.32
A 0 106.00 0.00
A -10 106.00 0.16
A -20 34.45 0.20
A -30 27.59 0.20
A -40 26.00 0.00
A -50 26.00 0.10
A -60 26.00 0.13
A -70 28.00 0.00
M 2
A -70 24.00 0.20
A -60 23.38 0.20
A -50 22.00 0.00
A -40 24.00 0.00
A -30 28.00 0.00
A -20 39.59 1.00
A -10 102.00 0.20
A 0 99.00 0.40
A 10 98.00 0.17
A 20 90.00 0.20
A 30 88.55 0.20
A 40 88.00 0.00
A 50 88.00 0.00
A 60 82.59 0.60
A 70 90.00 0.16
T -10
A 70 90.00 0.01
A 60 87.00 6.95
A 50 88.00 0.00
A 40 89.66 0.17
A 30 90.00 0.02
A 20 92.00 0.00
A 10 102.00 0.00
A 0 104.00 0.00
A -10 40.00 0.08
A -20 24.00 0.12
A -30 24.00 0.00
A -40 24.00 0.00
A -50 24.00 0.00
A -60 24.00 0.00
A -70 86.00 0.00
T 0
A -70 86.00 0.00
A -60 24.00 0.00
A -50 24.00 0.00
A -40 24.00 0.00
A -30 24.00 0.00
A -20 24.00 0.00
A -10 40.07 0.34
A 0 104.00 1.20
A 10 102.00 0.00
A 20 92.00 0.00
A 30 90.00 0.00
A 40 88.00 0.00
A 50 88.00 0.00
A 60 88.00 0.01
A 70 88.00 0.59
T 0
A 70 90.00 0.01
A 60 53.10 7.00
A 50 88.00 0.00
A 40 88.00 0.00
A 30 92.00 0.00
A 20 92.00 0.20
A 10 102.00 0.00
A 0 92.00 1.00
A -10 37.83 0.03
A -20 24.00 0.11
A -30 24.00 0.04
A -40 24.00 0.00
A -50 24.00 0.00
A -60 24.00 0.00
A -70 86.00 0.00
T 10
A -70 28.00 0.10
A -60 22.00 0.07
A -50 22.00 0.05
A -40 24.00 0.00
A -30 28.00 0.00
A -20 40.00 1.00
A -10 102.00 0.13
A 0 98.10 0.20
A 10 96.00 0.00
A 20 90.72 0.20
A 30 88.00 0.12
A 40 88.00 0.00
A 50 88.00 0.06
A 60 88.00 0.00
A 70 90.00 0.00
T 43
A 70 60.00 0.00
A 60 18.55 4.20
A 50 62.00 0.01
A 40 66.00 0.20
A 30 88.28 0.00
A 20 88.00 0.00
A 10 88.00 0.00
A 0 86.79 0.20
A -10 88.00 0.00
A -20 90.00 0.03
A -30 92.76 0.00
A -40 102.00 0.40
A -50 92.00 0.40
A -60 102.00 0.38
A -70 30.00 0.00
M 2
A -70 30.00 0.20
A -60 100.00 0.00
A -50 98.00 0.00
A -40 100.00 0.00
A -30 100.00 0.00
A -20 86.00 0.00
A -10 84.00 0.00
A 0 83.00 0.20
A 10 84.00 0.00
A 20 84.00 0.00
A 30 84.00 0.00
A 40 62.00 0.20
A 50 60.00 0.06
A 60 58.00 0.00
A 70 58.00 0.00
M 2
A 70 58.00 0.17
A 60 56.00 0.00
A 50 58.00 0.00
A 40 58.66 0.20
A 30 70.00 0.20
A 20 82.00 0.00
A 10 80.00 0.00
A 0 80.00 0.00
A -10 80.00 0.00
A -20 84.00 0.03
A -30 91.00 0.20
A -40 99.59 0.20
A -50 96.34 0.20
A -60 52.00 0.20
A -70 38.00 0.00
M 2
A -70 62.00 0.86
A -60 96.00 0.00
A -50 94.24 0.08
A -40 94.00 0.00
A -30 94.00 0.00
A -20 82.17 0.00
A -10 82.00 0.00
A 0 74.66 0.20
A 10 74.00 0.13
A 20 80.00 0.00
A 30 78.00 0.00
A 40 57.00 0.20
A 50 54.00 0.17
A 60 54.00 0.00
A 70 54.00 0.00
M 2
A 70 52.00 0.00
A 60 35.10 3.40
A 50 53.93 0.01
A 40 57.83 0.20
A 30 76.00 0.01
A 20 72.00 0.20
A 10 70.00 0.13
A 0 70.00 0.20
A -10 72.00 0.00
A -20 76.00 0.00
A -30 84.00 0.40
A -40 92.00 0.00
A -50 94.00 0.00
A -60 92.00 0.00
A -70 50.00 0.00
M 2
A -70 94.00 0.00
A -60 90.00 0.05
A -50 90.00 0.06
A -40 96.00 0.19
A -30 75.86 0.20
A -20 69.97 0.20
A -10 68.00 0.00
A 0 66.00 0.14
A 10 66.00 0.20
A 20 68.00 0.00
A 30 70.00 0.13
A 40 56.00 0.00
A 50 52.00 0.00
A 60 50.00 0.00
A 70 52.00 0.03
M 2
A 70 50.00 0.00
A 60 48.00 3.00
A 50 50.00 0.00
A 40 70.00 0.46
A 30 66.00 0.00
A 20 64.00 0.00
A 10 63.24 0.20
A 0 62.00 0.20
A -10 64.00 0.00
A -20 65.52 0.00
A -30 68.00 0.00
A -40 86.00 0.01
A -50 90.00 0.00
A -60 92.00 0.00
A -70 52.00 0.19
M 2
A -70 54.00 0.00
A -60 91.59 0.20
A -50 82.00 0.12
A -40 80.00 0.00
A -30 64.00 0.00
A -20 62.00 0.00
A -10 59.66 0.20
A 0 58.00 0.00
A 10 58.00 0.00
A 20 60.00 0.03
A 30 62.00 0.00
A 40 64.00 0.00
A 50 50.00 0.20
A 60 48.00 0.00
A 70 48.00 0.00
M 2
A 70 46.00 0.00
A 60 32.00 3.00
A 50 52.00 0.00
A 40 64.00 0.04
A 30 58.00 0.00
A 20 56.00 0.00
A 10 54.00 0.00
A 0 54.00 0.00
A -10 56.00 0.00
A -20 58.00 0.00
A -30 62.00 0.08
A -40 67.52 0.10
A -50 76.00 0.17
A -60 80.00 0.00
A -70 86.00 0.60
M 2
A -70 88.00 0.20
A -60 88.00 0.00
A -50 86.00 0.00
A -40 70.00 0.00
A -30 66.00 0.00
A -20 56.00 0.00
A -10 52.00 0.00
A 0 50.00 0.12
A 10 52.00 0.00
A 20 52.00 0.00
A 30 56.00 0.00
A 40 91.93 0.20
A 50 60.00 0.06
A 60 46.00 0.14
A 70 46.00 0.06
M 2
A 70 44.00 0.00
A 60 18.10 2.60
A 50 50.00 0.20
A 40 193.55 1.80
A 30 54.00 0.20
A 20 48.00 0.00
A 10 46.45 0.00
A 0 46.45 0.13
A -10 48.00 0.00
A -20 50.00 0.01
A -30 64.00 0.00
A -40 64.00 0.00
A -50 75.66 0.60
A -60 84.00 0.20
A -70 84.00 0.00
T -70
A -70 46.00 0.00
A -60 46.00 0.00
A -50 44.00 0.00
A -40 46.00 0.00
A -30 47.72 0.20
A -20 50.00 0.00
A -10 56.90 0.20
A 0 82.00 0.00
A 10 82.00 0.00
A 20 76.00 0.11
A 30 64.00 0.15
A 40 59.52 0.20
A 50 60.00 0.20
A 60 48.00 0.20
A 70 48.00 0.19
M 2
A 70 48.00 0.00
A 60 48.00 2.97
A 50 50.00 0.00
A 40 58.00 0.00
A 30 72.00 0.08
A 20 74.00 0.00
A 10 74.00 0.00
A 0 76.00 0.11
A -10 80.00 0.00
A -20 50.00 0.20
A -30 44.00 0.00
A -40 44.00 0.00
A -50 44.00 0.00
A -60 44.00 0.00
A -70 44.00 0.00
M 2
A -70 44.00 0.01
A -60 42.00 0.03
A -50 41.66 0.03
A -40 42.00 0.05
A -30 42.00 0.00
A -20 44.00 0.00
A -10 78.59 0.20
A 0 75.86 0.20
A 10 72.00 0.03
A 20 71.31 0.10
A 30 66.00 0.00
A 40 66.24 0.05
A 50 51.03 0.20
A 60 46.00 0.00
A 70 44.97 0.19
M 2
A 70 44.00 0.00
A 60 44.00 0.00
A 50 46.72 0.14
A 40 50.00 0.00
A 30 62.03 0.22
A 20 71.00 0.20
A 10 68.00 0.20
A 0 74.00 0.00
A -10 90.00 0.20
A -20 44.00 0.00
A -30 40.00 0.11
A -40 38.00 0.00
A -50 38.00 0.00
A -60 38.00 0.20
A -70 40.00 0.00
M 2
A -70 39.72 0.04
A -60 38.00 0.20
A -50 34.93 0.20
A -40 36.00 0.00
A -30 40.00 0.03
A -20 80.00 0.01
A -10 48.34 0.00
A 0 70.00 0.20
A 10 65.28 0.20
A 20 56.00 0.00
A 30 52.00 0.00
A 40 46.00 0.00
A 50 44.00 0.04
A 60 44.00 0.20
A 70 42.00 0.10
M 2
A 70 40.00 0.00
A 60 18.00 2.20
A 50 40.90 0.20
A 40 44.00 0.00
A 30 50.00 0.00
A 20 58.00 0.17
A 10 64.00 0.07
A 0 60.00 0.20
A -10 64.00 0.00
A -20 40.34 0.20
A -30 37.00 0.20
A -40 35.00 0.20
A -50 34.00 0.00
A -60 34.00 0.00
A -70 36.00 0.00
T -10
A -70 40.00 0.01
A -60 36.34 0.20
A -50 34.00 0.00
A -40 32.00 0.00
A -30 34.00 0.00
A -20 36.55 0.20
A -10 40.00 0.00
A 0 64.00 0.00
A 10 62.00 0.02
A 20 62.00 0.00
A 30 60.00 0.07
A 40 50.00 0.00
A 50 44.00 0.04
A 60 42.00 0.00
A 70 40.00 0.11
M 2
A 70 40.00 0.20
A 60 18.48 0.20
A 50 44.00 0.00
A 40 50.00 0.00
A 30 52.00 0.20
A 20 56.00 0.20
A 10 54.00 0.00
A 0 58.00 0.00
A -10 36.00 0.20
A -20 34.00 0.03
A -30 30.00 0.00
A -40 30.93 0.19
A -50 30.00 0.00
A -60 30.00 0.00
A -70 39.45 0.20
T 0
A -70 40.00 0.00
A -60 32.00 0.01
A -50 30.00 0.00
A -40 30.00 0.00
A -30 30.00 0.00
A -20 33.97 0.20
A -10 36.00 0.00
A 0 58.00 0.00
A 10 56.00 0.18
A 20 56.00 0.20
A 30 54.00 0.00
A 40 49.48 0.20
A 50 44.00 0.00
A 60 42.00 0.00
A 70 41.83 0.20
M 2
A 70 40.00 0.00
A 60 18.24 2.20
A 50 42.00 0.01
A 40 47.93 0.20
A 30 50.00 0.17
A 20 52.00 0.00
A 10 52.00 0.00
A 0 56.00 0.20
A -10 35.31 0.13
A -20 31.31 0.13
A -30 28.00 0.00
A -40 28.00 0.00
A -50 28.00 0.11
A -60 28.00 0.00
A -70 33.86 0.20
T 0
A -70 34.00 0.20
A -60 29.83 0.20
A -50 28.00 0.10
A -40 28.00 0.00
A -30 28.00 0.03
A -20 30.00 0.00
A -10 34.00 0.00
RESET
A -70 32.97 0.39
A -60 30.00 0.09
A -50 28.97 0.00
A -40 28.00 0.00
A -30 28.21 0.00
A -20 30.00 0.09
A -10 34.00 0.00
A 0 54.00 0.12
A 10 52.00 0.00
A 20 52.90 0.18
A 30 50.00 0.00
A 40 48.00 0.20
A 50 42.00 0.00
A 60 40.00 0.00
A 70 40.00 0.00
M 2
A 70 38.00 0.00
A 60 18.00 0.12
A 50 40.00 0.00
A 40 44.00 0.01
A 30 46.00 0.00
A 20 48.00 0.12
A 10 48.00 0.00
A 0 53.52 0.20
A -10 32.34 0.00
A -20 30.00 0.00
A -30 25.97 0.20
A -40 24.90 0.20
A -50 26.00 0.20
A -60 25.90 0.08
A -70 30.00 0.00
T 0
A -70 30.00 0.00
A -60 24.00 0.00
A -50 26.00 0.01
A -40 26.00 0.00
A -30 25.97 0.02
A -20 30.00 0.03
A -10 32.00 0.01
A 0 52.00 0.03
A 10 48.00 0.00
A 20 49.31 0.20
A 30 46.00 0.00
A 40 44.00 0.00
A 50 40.00 0.00
A 60 38.00 0.00
A 70 38.00 0.00
T 0
A 70 38.00 0.00
A 60 18.10 0.00
A 50 40.00 0.00
A 40 44.00 0.00
A 30 46.00 0.00
A 20 48.97 0.20
A 10 48.00 0.00
A 0 53.93 0.01
A -10 32.00 0.00
A -20 30.00 0.00
A -30 26.00 0.02
A -40 24.83 0.19
A -50 26.00 0.02
A -60 25.93 0.20
A -70 30.00 0.00
T 0
A -70 30.00 0.00
A -60 24.00 0.00
A -50 24.90 0.20
A -40 24.90 0.20
A -30 26.00 0.12
A -20 29.76 0.20
A -10 30.38 0.09
A 0 52.00 0.00
A 10 48.00 0.00
A 20 48.00 0.04
A 30 46.00 0.00
A 40 44.00 0.00
A 50 40.00 0.00
A 60 38.00 0.00
A 70 38.00 0.00
T 0
A 70 38.00 0.00
A 60 18.00 0.00
A 50 40.00 0.00
A 40 44.00 0.00
A 30 46.00 0.01
A 20 50.00 0.01
A 10 48.00 0.00
A 0 53.93 0.01
A -10 32.00 0.00
A -20 30.00 0.00
A -30 26.00 0.00
A -40 25.00 0.20
A -50 24.76 0.20
A -60 24.00 0.19
A -70 30.00 0.00
T 43
A -70 28.00 0.12
A -60 30.00 0.20
A -50 50.00 0.00
A -40 50.00 0.00
A -30 48.00 0.00
A -20 46.00 0.00
A -10 46.00 0.00
A 0 50.00 0.19
A 10 38.00 0.00
A 20 38.00 0.00
A 30 36.00 0.20
A 40 37.66 0.03
A 50 38.00 0.00
A 60 40.00 0.00
A 70 44.69 0.20
M 2
A 70 46.00 0.00
A 60 37.62 2.00
A 50 34.00 0.00
A 40 32.00 0.00
A 30 32.00 0.00
A 20 34.00 0.08
A 10 34.00 0.19
A 0 38.00 0.05
A -10 44.00 0.00
A -20 46.00 0.45
A -30 44.00 0.00
A -40 42.66 0.20
A -50 38.00 0.00
A -60 30.00 0.08
A -70 28.55 0.00
M 2
A -70 28.00 0.00
A -60 36.00 0.40
A -50 38.00 0.00
A -40 40.00 0.00
A -30 42.00 0.00
A -20 40.00 0.00
A -10 38.00 0.00
A 0 34.00 0.00
A 10 32.00 0.00
A 20 30.00 0.00
A 30 28.00 0.00
A 40 28.00 0.00
A 50 32.00 0.00
A 60 32.00 0.20
A 70 42.00 0.20
M 2
A 70 102.00 0.00
A 60 18.86 0.80
A 50 28.00 0.04
A 40 24.00 0.00
A 30 24.14 0.20
A 20 26.00 0.09
A 10 26.00 0.00
A 0 40.00 0.00
A -10 36.00 0.01
A -20 38.00 0.00
A -30 40.00 0.01
A -40 40.00 0.00
A -50 40.00 0.00
A -60 36.21 0.07
A -70 30.00 0.00
T 70
A -70 40.00 0.00
A -60 28.00 0.11
A -50 28.00 0.00
A -40 26.00 0.00
A -30 26.00 0.01
A -20 28.00 0.00
A -10 26.00 0.05
A 0 32.00 0.00
A 10 38.00 0.20
A 20 40.00 0.00
A 30 94.38 0.40
A 40 82.00 0.20
A 50 80.00 0.00
A 60 78.00 0.00
A 70 76.00 6.00
M 2
A 70 80.00 0.00
A 60 48.00 6.00
A 50 78.00 0.20
A 40 92.00 0.00
A 30 92.00 0.00
A 20 34.00 0.00
A 10 34.00 0.00
A 0 28.00 0.00
A -10 22.00 0.00
A -20 24.00 0.03
A -30 24.00 0.00
A -40 24.00 0.01
A -50 24.00 0.06
A -60 24.00 0.20
A -70 30.00 0.00
T 30
A -70 24.00 0.00
A -60 24.00 0.00
A -50 24.00 0.00
A -40 24.00 0.00
A -30 40.55 0.20
A -20 38.00 0.00
A -10 36.00 0.15
A 0 57.97 0.20
A 10 78.00 0.17
A 20 78.00 0.10
A 30 78.00 0.00
A 40 78.00 0.00
A 50 79.00 0.20
A 60 81.00 0.20
A 70 121.72 0.31
T 70
A 70 34.00 0.00
A 60 18.00 0.00
A 50 56.00 0.04
A 40 66.00 0.00
A 30 111.45 0.20
A 20 112.00 0.00
A 10 117.41 0.20
A 0 155.76 4.60
A -10 82.00 0.40
A -20 78.00 0.00
A -30 78.00 0.00
A -40 78.00 0.00
A -50 78.00 0.00
A -60 86.00 0.13
A -70 96.83 0.16
T 10
A -70 178.00 0.62
A -60 79.59 0.16
A -50 78.00 0.00
A -40 78.00 0.20
A -30 78.00 0.00
A -20 86.00 0.19
A -10 114.00 0.20
A 0 114.00 0.08
A 10 112.00 0.00
A 20 110.00 0.01
A 30 64.00 0.20
A 40 58.00 0.06
A 50 44.00 0.20
A 60 34.00 0.00
A 70 33.90 0.02
M 2
A 70 32.00 0.00
A 60 58.59 1.57
A 50 118.00 0.40
A 40 52.00 0.00
A 30 56.00 0.20
A 20 106.00 0.20
A 10 108.00 0.00
A 0 110.00 0.00
A -10 148.76 0.20
A -20 80.00 0.00
A -30 74.00 0.00
A -40 72.00 0.00
A -50 72.00 0.00
A -60 71.59 0.20
A -70 59.86 0.20
M 2
A -70 71.93 0.20
A -60 70.00 0.09
A -50 70.00 0.00
A -40 70.93 0.20
A -30 74.97 0.13
A -20 78.00 0.00
A -10 143.66 0.20
A 0 108.00 0.00
A 10 104.00 0.07
A 20 102.00 0.13
A 30 102.31 0.20
A 40 48.00 0.00
A 50 50.00 0.00
A 60 55.59 0.60
A 70 32.00 0.08
M 2
A 70 32.00 0.00
A 60 18.41 1.40
A 50 126.00 3.00
A 40 116.00 0.10
A 30 99.86 0.20
A 20 98.00 0.14
A 10 99.86 0.20
A 0 103.00 0.20
A -10 114.66 0.60
A -20 92.00 0.28
A -30 78.00 0.00
A -40 74.72 0.00
A -50 82.48 0.63
A -60 72.00 0.00
A -70 70.00 0.00
T 50
A -70 84.00 0.20
A -60 137.00 2.00
A -50 142.00 0.00
A -40 100.34 0.08
A -30 100.00 0.00
A -20 100.00 0.00
A -10 54.24 0.05
A 0 46.00 0.00
A 10 38.00 0.00
A 20 32.00 0.00
A 30 30.00 0.00
A 40 30.00 0.00
A 50 30.00 0.00
A 60 30.00 0.00
A 70 43.72 0.40
M 2
A 70 30.31 0.00
A 60 24.10 1.20
A 50 26.00 0.00
A 40 26.00 0.00
A 30 26.00 0.08
A 20 32.00 0.00
A 10 32.00 0.00
A 0 42.00 0.00
A -10 102.10 1.00
A -20 98.00 0.00
A -30 96.00 0.00
A -40 98.00 0.00
A -50 144.00 0.20
A -60 120.00 1.80
A -70 82.00 0.02
T -50
A -70 84.00 0.00
A -60 72.00 0.00
A -50 70.00 0.20
RESET
RESET
RESET
A -70 84.00 1.37
A -60 72.00 0.00
A -50 70.00 0.00
A -40 72.00 0.20
A -30 78.00 0.20
A -20 132.00 1.30
A -10 134.00 0.20
A 0 100.97 0.40
A 10 98.00 0.12
A 20 98.00 0.00
A 30 98.00 0.00
A 40 44.97 0.20
A 50 132.07 0.11
A 60 44.00 0.00
A 70 31.66 0.20
M 2
A 70 30.00 0.20
A 60 18.00 2.00
A 50 38.00 0.00
A 40 135.00 1.00
A 30 93.38 0.20
A 20 92.00 0.00
A 10 92.00 0.00
A 0 96.00 0.00
A -10 132.00 0.00
A -20 112.00 0.00
A -30 81.00 0.40
A -40 70.72 0.20
A -50 68.28 0.06
A -60 68.00 0.15
A -70 70.00 0.20
T 40
A -70 78.00 0.00
A -60 88.00 0.06
A -50 127.55 2.20
A -40 132.21 0.00
A -30 95.00 0.20
A -20 92.00 0.04
A -10 94.45 0.20
A 0 41.76 0.20
A 10 38.00 0.00
A 20 38.00 0.00
A 30 30.00 0.00
A 40 28.55 0.14
A 50 28.00 0.08
A 60 28.00 0.00
A 70 26.00 0.00
M 2
A 70 26.00 0.20
A 60 18.10 0.60
A 50 24.00 0.00
A 40 24.00 0.00
A 30 34.00 0.00
A 20 30.00 0.00
A 10 36.00 0.00
A 0 98.00 0.00
A -10 92.62 0.20
A -20 92.00 0.00
A -30 135.00 0.92
A -40 133.00 0.16
A -50 149.90 0.61
A -60 132.00 0.20
A -70 74.00 0.13
T -50
A -70 76.00 0.10
A -60 70.00 0.00
A -50 70.00 0.00
A -40 71.00 0.20
A -30 72.00 0.00
A -20 76.69 0.10
A -10 128.00 0.20
A 0 128.00 0.01
A 10 95.45 0.20
A 20 92.00 0.00
A 30 90.00 0.00
A 40 104.48 0.20
A 50 110.41 0.50
A 60 35.93 0.20
A 70 30.00 0.00
M 2
A 70 30.00 0.00
A 60 18.00 0.00
A 50 44.00 0.14
A 40 92.00 0.83
A 30 86.00 0.00
A 20 86.00 0.00
A 10 90.66 0.20
A 0 126.00 0.20
A -10 124.00 0.17
A -20 129.00 0.20
A -30 70.45 0.00
A -40 68.00 0.00
A -50 66.00 0.10
A -60 68.00 0.00
A -70 80.00 0.21
T -20
A -70 68.00 0.20
A -60 102.00 0.00
A -50 78.52 0.20
A -40 66.00 0.05
A -30 66.00 0.00
A -20 66.00 0.00
A -10 68.00 0.00
A 0 135.66 0.40
A 10 126.00 0.06
A 20 126.00 0.20
A 30 88.00 0.04
A 40 86.00 0.00
A 50 86.00 0.00
A 60 90.00 0.20
A 70 50.00 0.40
M 2
A 70 38.00 0.06
A 60 18.00 0.02
A 50 82.00 0.00
A 40 82.00 0.00
A 30 84.00 0.07
A 20 120.00 0.20
A 10 128.48 0.20
A 0 162.10 0.80
A -10 64.00 0.11
A -20 64.00 0.00
A -30 64.00 0.20
A -40 63.31 0.20
A -50 64.00 0.00
A -60 64.00 0.00
A -70 58.00 0.00
T 10
A -70 68.00 0.20
A -60 64.00 0.00
A -50 63.52 0.20
A -40 63.00 0.20
A -30 64.00 0.00
A -20 66.00 0.00
A -10 158.00 0.40
A 0 120.00 0.20
A 10 120.00 0.00
A 20 86.00 0.00
A 30 82.00 0.00
A 40 82.00 0.00
A 50 83.59 0.20
A 60 86.00 4.80
A 70 34.00 0.19
M 2
A 70 36.00 0.00
A 60 116.00 10.00
A 50 80.00 0.00
A 40 78.00 0.00
A 30 80.00 0.07
A 20 83.00 0.20
A 10 113.00 0.08
A 0 115.31 0.20
A -10 132.00 0.20
A -20 64.00 0.00
A -30 60.00 0.00
A -40 60.00 0.00
A -50 60.00 0.00
A -60 62.00 0.00
A -70 68.00 0.20
M 2
A -70 60.55 0.00
A -60 58.00 0.00
A -50 58.00 0.00
A -40 57.00 0.05
A -30 58.00 0.10
A -20 58.79 0.20
A -10 64.00 0.00
A 0 108.00 3.20
A 10 110.00 0.05
A 20 84.00 0.01
A 30 78.00 0.00
A 40 76.00 0.00
A 50 76.00 0.00
A 60 78.00 0.00
A 70 40.41 0.20
M 2
A 70 108.00 2.00
A 60 18.00 0.00
A 50 72.00 0.00
A 40 72.00 0.00
A 30 74.79 0.00
A 20 108.00 0.08
A 10 108.00 0.20
A 0 106.00 0.05
A -10 64.00 0.01
A -20 60.00 0.08
A -30 56.00 0.00
A -40 54.00 0.00
A -50 54.00 0.00
A -60 55.93 0.20
A -70 58.00 0.00
T 10
A -70 56.00 0.00
A -60 54.45 0.20
A -50 54.00 0.00
A -40 56.00 0.00
A -30 60.00 0.08
A -20 64.00 0.08
A -10 105.76 0.05
A 0 108.00 0.00
A 10 131.00 2.00
A 20 74.38 0.20
A 30 72.00 0.00
A 40 72.00 0.00
A 50 72.00 0.00
A 60 77.00 0.60
A 70 37.97 0.20
M 2
A 70 108.00 0.00
A 60 18.10 5.58
A 50 70.00 0.00
A 40 68.00 0.00
A 30 68.00 0.00
A 20 70.00 0.00
A 10 98.28 3.77
A 0 124.97 1.60
A -10 67.00 0.20
A -20 70.00 0.20
A -30 60.00 0.20
A -40 54.00 0.00
A -50 52.00 0.00
A -60 54.00 0.00
A -70 54.00 0.00
T 0
A -70 54.00 0.00
A -60 53.93 0.01
A -50 52.00 0.00
A -40 54.00 0.00
A -30 58.00 0.00
A -20 70.00 0.00
A -10 68.00 0.00
A 0 125.00 0.94
A 10 77.55 3.80
A 20 70.00 0.00
A 30 68.00 0.00
A 40 68.00 0.00
A 50 70.00 0.00
A 60 74.00 0.13
A 70 106.00 3.20
M 2
A 70 106.00 0.00
A 60 18.00 5.00
A 50 66.00 0.00
A 40 64.00 0.15
A 30 64.00 0.08
A 20 66.00 0.20
A 10 70.00 0.17
A 0 102.00 0.08
A -10 118.00 0.40
A -20 64.00 0.15
A -30 58.00 0.00
A -40 52.00 0.00
A -50 52.00 0.06
A -60 50.00 0.00
A -70 52.00 0.00
T -10
A -70 54.00 0.00
A -60 52.00 0.01
A -50 51.45 0.20
A -40 50.00 0.20
A -30 52.00 0.00
A -20 56.00 0.00
A -10 64.00 0.00
A 0 116.00 4.57
A 10 102.24 0.20
A 20 104.00 0.03
A 30 66.00 0.00
A 40 65.52 0.00
A 50 65.52 0.00
A 60 66.00 0.00
A 70 68.00 0.00
M 2
A 70 64.76 0.20
A 60 18.24 4.60
A 50 62.00 0.00
A 40 64.00 0.00
A 30 66.00 0.00
A 20 102.00 0.17
A 10 96.48 0.00
A 0 64.76 0.15
A -10 60.34 0.20
A -20 60.00 0.00
A -30 52.00 0.00
A -40 49.00 0.20
A -50 48.00 0.00
A -60 48.00 0.19
A -70 50.00 0.17
T 20
A -70 50.00 0.00
A -60 50.00 0.00
A -50 50.00 0.00
A -40 62.00 0.00
A -30 58.00 0.00
A -20 66.00 0.20
A -10 98.00 0.12
A 0 112.00 0.27
A 10 68.00 0.00
A 20 64.00 0.00
A 30 62.00 0.00
A 40 62.00 0.12
A 50 64.00 0.00
A 60 69.00 0.40
A 70 56.66 5.60
M 2
A 70 104.00 0.00
A 60 104.00 8.75
A 50 64.00 0.06
A 40 110.55 5.40
A 30 105.00 3.68
A 20 66.00 0.00
A 10 66.00 0.00
A 0 92.00 0.20
A -10 94.00 0.00
A -20 95.66 0.20
A -30 96.00 0.00
A -40 62.59 0.20
A -50 50.24 0.00
A -60 48.00 0.00
A -70 48.00 0.00
M 2
A -70 46.00 0.00
A -60 48.00 0.00
A -50 50.00 0.20
A -40 56.62 0.20
A -30 65.00 0.20
A -20 88.00 0.00
A -10 86.00 0.00
A 0 86.00 0.00
A 10 80.00 2.00
A 20 64.00 0.20
A 30 63.17 0.20
A 40 62.00 0.08
A 50 61.14 0.20
A 60 102.00 0.00
A 70 102.00 0.08
M 2
A 70 100.00 0.00
A 60 18.00 0.02
A 50 56.00 0.00
A 40 54.00 0.01
A 30 55.93 0.03
A 20 58.00 0.20
A 10 84.00 0.20
A 0 82.00 0.00
A -10 80.00 0.17
A -20 82.00 0.00
A -30 58.00 0.20
A -40 63.66 0.20
A -50 48.00 0.07
A -60 47.00 0.20
A -70 46.00 0.00
T 70
A -70 82.00 0.20
A -60 84.00 0.20
A -50 54.00 0.00
A -40 50.00 0.19
A -30 50.00 0.00
A -20 52.00 0.20
A -10 56.00 0.00
A 0 100.00 0.03
A 10 99.00 0.20
A 20 46.00 0.09
A 30 38.00 0.19
A 40 38.03 0.00
A 50 40.00 0.00
A 60 42.93 0.20
A 70 52.00 0.80
M 2
A 70 44.00 0.00
A 60 18.00 1.60
A 50 34.00 0.00
A 40 32.00 0.00
A 30 34.00 0.00
A 20 34.00 0.00
A 10 96.69 0.20
A 0 96.00 0.00
A -10 52.00 0.00
A -20 50.00 0.00
A -30 48.00 0.00
A -40 47.00 0.20
A -50 48.00 0.00
A -60 52.00 0.00
A -70 82.79 0.16
T 10
A -70 52.00 0.00
A -60 50.00 0.00
A -50 48.00 0.00
A -40 48.00 0.00
A -30 50.00 0.19
A -20 54.00 0.14
A -10 98.00 0.20
A 0 96.00 0.00
A 10 38.00 0.20
A 20 34.00 0.00
A 30 32.00 0.00
A 40 32.00 0.00
A 50 36.00 0.01
A 60 44.00 0.80
A 70 47.45 0.14
M 2
A 70 42.10 0.00
A 60 18.17 2.58
A 50 32.00 0.03
A 40 26.79 0.20
A 30 26.00 0.16
A 20 32.00 0.00
A 10 92.00 0.20
A 0 92.00 0.00
A -10 92.00 0.00
A -20 92.00 0.00
A -30 52.00 0.10
A -40 48.00 0.00
A -50 48.00 0.06
A -60 48.00 0.06
A -70 52.00 0.20
T -20
A -70 84.00 0.00
A -60 84.00 0.00
A -50 50.00 0.20
A -40 47.72 0.11
A -30 46.00 0.00
A -20 47.93 0.20
A -10 50.00 0.03
A 0 92.00 0.03
A 10 92.00 0.20
A 20 92.00 0.00
A 30 94.72 0.20
A 40 28.69 0.20
A 50 28.00 0.04
A 60 28.00 0.00
A 70 31.79 0.20
M 2
A 70 28.00 0.00
A 60 20.00 0.58
A 50 25.86 0.20
A 40 30.00 0.13
A 30 90.00 0.00
A 20 86.00 0.14
A 10 86.45 0.20
A 0 88.62 0.18
A -10 93.00 0.20
A -20 44.00 0.00
A -30 42.00 0.00
A -40 42.00 0.08
A -50 53.00 0.20
A -60 84.00 0.00
A -70 84.00 0.00
T -10
A -70 88.00 0.20
A -60 83.93 0.20
A -50 84.00 0.00
A -40 50.00 0.00
A -30 44.00 0.00
A -20 44.00 0.00
A -10 44.00 0.00
A 0 96.00 0.22
A 10 88.00 0.00
A 20 88.00 0.00
A 30 88.00 0.04
A 40 88.00 0.17
A 50 28.00 0.11
A 60 28.00 0.11
A 70 28.00 0.00
M 2
A 70 24.00 0.00
A 60 18.00 0.02
A 50 26.00 0.00
A 40 84.00 0.00
A 30 84.00 0.00
A 20 82.00 0.12
A 10 84.00 0.20
A 0 46.00 0.00
A -10 40.00 0.00
A -20 39.03 0.00
A -30 38.00 0.00
A -40 38.00 0.00
A -50 46.00 0.00
A -60 84.00 0.01
A -70 83.17 0.12
T -60
A -70 58.00 0.00
A -60 58.00 0.00
A -50 59.72 0.03
A -40 63.79 0.20
A -30 70.00 0.00
A -20 76.14 0.20
A -10 80.00 0.00
A 0 82.00 0.00
A 10 58.00 0.20
A 20 41.10 0.09
A 30 40.00 0.00
A 40 38.00 0.00
A 50 38.00 0.00
A 60 88.28 0.20
A 70 84.00 0.00
M 2
A 70 86.00 0.00
A 60 18.00 0.00
A 50 36.00 0.00
A 40 34.00 0.13
A 30 34.00 0.00
A 20 36.55 0.20
A 10 79.00 0.20
A 0 78.00 0.00
A -10 78.00 0.00
A -20 78.00 0.00
A -30 66.00 0.20
A -40 60.00 0.15
A -50 58.00 0.00
A -60 58.00 0.00
A -70 58.00 0.00
T 70
A -70 78.00 0.00
A -60 80.00 3.20
A -50 49.97 0.20
A -40 36.00 0.06
A -30 34.00 0.19
A -20 35.86 0.00
A -10 38.00 0.00
A 0 84.00 0.00
A 10 82.00 0.00
A 20 82.00 0.00
A 30 82.00 0.03
A 40 84.00 0.19
A 50 30.00 0.00
A 60 30.00 0.00
A 70 28.00 0.00
M 2
A 70 26.00 0.00
A 60 18.00 0.00
A 50 26.00 0.00
A 40 82.00 0.00
A 30 80.00 0.00
A 20 78.00 0.00
A 10 78.00 0.00
A 0 78.00 0.13
A -10 58.00 0.20
A -20 34.00 0.09
A -30 30.00 0.00
A -40 30.00 0.00
A -50 32.00 0.00
A -60 40.00 0.10
A -70 80.00 0.04
T 40
A -70 34.00 0.01
A -60 34.00 0.00
A -50 54.00 0.00
A -40 79.59 0.20
A -30 78.00 0.00
A -20 78.00 0.00
A -10 78.00 0.00
A 0 80.00 0.00
A 10 30.00 0.19
A 20 26.03 0.10
A 30 24.00 0.00
A 40 26.00 0.01
A 50 28.00 0.00
A 60 44.00 0.00
A 70 72.00 6.80
T 0
A 70 108.00 0.00
A 60 44.00 2.50
A 50 28.00 0.00
A 40 26.00 0.00
A 30 24.00 0.00
A 20 26.00 0.00
A 10 32.00 0.00
A 0 80.00 0.00
A -10 78.00 0.00
A -20 78.00 0.00
A -30 78.00 0.00
A -40 78.00 0.00
A -50 54.00 0.00
A -60 34.00 0.00
A -70 34.00 0.00
T 70
A -70 80.00 0.00
A -60 27.24 0.20
A -50 28.00 0.00
A -40 26.00 0.00
A -30 26.00 0.00
A -20 26.00 0.00
A -10 34.00 0.00
A 0 112.55 6.20
A 10 102.00 0.00
A 20 98.00 0.20
A 30 94.00 0.00
A 40 94.00 0.00
A 50 92.00 0.15
A 60 94.00 0.00
A 70 94.00 0.20
M 2
A 70 92.00 0.00
A 60 18.00 0.00
A 50 92.00 0.20
A 40 92.00 0.00
A 30 92.00 0.00
A 20 96.00 0.20
A 10 109.00 1.17
A 0 111.93 0.20
A -10 29.00 0.17
A -20 25.52 0.15
A -30 24.00 0.00
A -40 20.00 0.08
A -50 20.00 0.00
A -60 26.00 0.19
A -70 88.00 0.20
T 0
A -70 90.00 0.20
A -60 28.00 0.00
A -50 20.00 0.00
A -40 20.00 0.00
A -30 24.00 0.06
A -20 24.76 0.15
A -10 28.00 0.39
A 0 110.79 0.20
A 10 110.00 0.06
A 20 95.00 0.21
A 30 92.00 0.00
A 40 92.00 0.20
A 50 90.00 0.00
A 60 90.00 0.20
A 70 92.00 0.00
T 0
A 70 92.00 0.00
A 60 90.00 7.17
A 50 90.00 0.00
A 40 91.72 0.20
A 30 92.00 0.00
A 20 96.00 0.00
A 10 110.86 0.20
A 0 112.00 0.00
A -10 30.00 0.00
A -20 24.00 0.00
A -30 24.00 0.00
A -40 20.00 0.08
A -50 20.00 0.00
A -60 26.00 0.00
A -70 88.00 5.67
T 0
A -70 88.00 0.15
A -60 28.00 0.00
A -50 20.00 0.00
A -40 20.00 0.00
A -30 23.00 0.20
A -20 24.00 0.20
A -10 28.00 0.01
A 0 110.00 0.01
A 10 110.00 0.00
A 20 92.00 0.20
A 30 92.00 0.00
A 40 92.00 0.01
A 50 90.00 0.00
A 60 90.00 0.00
A 70 92.00 0.20
T 0
A 70 92.00 0.00
A 60 90.00 0.10
A 50 90.00 0.00
A 40 91.00 0.20
A 30 92.00 0.00
A 20 96.00 0.00
A 10 110.00 0.00
A 0 110.00 0.10
A -10 28.76 0.20
A -20 24.00 0.00
A -30 24.00 0.00
A -40 20.00 0.07
A -50 20.00 0.15
A -60 26.00 0.00
A -70 90.00 0.00
T 43
A -70 22.00 0.00
A -60 28.00 0.00
A -50 30.00 0.09
A -40 106.38 0.20
A -30 106.00 0.00
A -20 92.00 0.00
A -10 92.00 0.00
A 0 90.00 0.00
A 10 90.00 0.00
A 20 90.00 0.19
A 30 90.00 0.19
A 40 78.17 0.20
A 50 70.00 0.11
A 60 64.00 0.20
A 70 63.17 0.20
M 2
A 70 62.00 0.00
A 60 18.00 0.00
A 50 64.00 0.00
A 40 83.38 0.60
A 30 86.45 0.00
A 20 86.00 0.00
A 10 86.00 0.00
A 0 86.00 0.00
A -10 88.00 0.00
A -20 90.00 0.00
A -30 92.00 0.20
A -40 99.00 0.20
A -50 38.31 0.10
A -60 26.00 0.16
A -70 26.00 0.00
T -40
A -70 24.00 0.00
A -60 24.00 0.00
A -50 24.00 0.00
A -40 24.00 0.00
A -30 24.00 0.00
A -20 40.00 0.00
A -10 103.79 0.08
A 0 100.00 0.00
A 10 95.24 0.40
A 20 90.00 0.20
A 30 88.00 0.00
A 40 88.00 0.00
A 50 86.00 0.00
A 60 86.00 0.20
A 70 76.76 1.60
T -10
A 70 86.00 0.12
A 60 52.10 6.80
A 50 86.00 0.00
A 40 88.00 0.00
A 30 90.00 0.00
A 20 102.00 0.20
A 10 99.72 0.03
A 0 40.00 0.00
A -10 24.21 0.20
A -20 24.76 0.15
A -30 22.31 0.00
A -40 20.00 0.00
A -50 20.00 0.00
A -60 27.03 0.00
A -70 26.00 0.00
T 20
A -70 22.00 0.00
A -60 20.00 0.00
A -50 20.00 0.00
A -40 26.00 0.20
A -30 29.90 0.20
A -20 93.00 1.60
A -10 100.00 0.00
A 0 100.00 0.00
A 10 93.00 0.20
A 20 88.00 0.04
A 30 86.00 0.14
A 40 86.00 0.09
A 50 86.00 0.00
A 60 88.00 0.00
A 70 72.00 0.14
T -10
A 70 88.00 0.20
A 60 86.00 0.16
A 50 86.00 0.00
A 40 86.00 0.14
A 30 88.00 0.00
A 20 90.00 0.00
A 10 100.00 0.60
A 0 100.00 0.00
A -10 44.00 5.41
A -20 42.00 0.00
A -30 24.00 0.00
A -40 24.00 0.00
A -50 23.00 0.04
A -60 24.00 0.00
A -70 24.00 0.00
T 43
A -70 25.00 0.20
A -60 34.93 0.20
A -50 61.79 0.20
A -40 100.00 0.00
A -30 96.00 0.20
A -20 90.00 0.23
A -10 88.00 0.20
A 0 86.00 0.00
A 10 86.00 0.00
A 20 86.00 0.00
A 30 88.00 0.00
A 40 73.90 0.43
A 50 64.00 0.04
A 60 61.00 0.20
A 70 62.00 0.00
M 2
A 70 60.00 0.03
A 60 38.00 4.20
A 50 62.00 0.00
A 40 89.66 0.20
A 30 82.00 0.00
A 20 82.00 0.00
A 10 82.00 0.00
A 0 83.59 0.20
A -10 84.00 0.00
A -20 86.00 0.10
A -30 93.66 0.40
A -40 98.00 0.01
A -50 97.00 0.20
A -60 98.00 0.20
A -70 30.00 0.05
M 2
A -70 33.66 0.20
A -60 40.00 0.20
A -50 94.00 0.00
A -40 94.00 0.00
A -30 94.00 0.40
A -20 86.00 0.00
A -10 84.00 0.10
A 0 80.00 0.00
A 10 78.00 0.03
A 20 78.00 0.00
A 30 84.00 0.00
A 40 64.00 0.00
A 50 60.00 0.00
A 60 58.00 0.00
A 70 58.00 0.00
M 2
A 70 56.00 0.08
A 60 18.00 0.00
A 50 58.00 0.00
A 40 62.00 0.20
A 30 80.00 0.00
A 20 76.07 0.60
A 10 74.00 0.00
A 0 74.17 0.20
A -10 82.00 0.00
A -20 82.59 0.20
A -30 92.00 0.00
A -40 92.00 0.00
A -50 94.00 0.05
A -60 96.00 0.00
A -70 44.00 0.00
T -60
A -70 30.00 0.00
A -60 25.52 0.20
A -50 26.00 0.00
A -40 26.00 0.00
A -30 34.34 0.10
A -20 36.00 0.15
A -10 94.00 0.00
A 0 90.00 0.00
A 10 92.00 0.01
A 20 92.00 0.00
A 30 92.00 0.01
A 40 83.17 0.20
A 50 78.00 0.00
A 60 76.00 0.00
A 70 76.83 0.00
T -10
A 70 78.00 0.20
A 60 18.00 5.60
A 50 82.00 0.06
A 40 94.00 0.00
A 30 90.86 0.20
A 20 90.00 0.00
A 10 92.00 0.00
A 0 94.00 0.00
A -10 40.00 0.08
A -20 32.00 0.12
A -30 28.00 0.17
A -40 28.00 0.00
A -50 28.00 0.00
A -60 26.00 0.20
A -70 113.69 0.60
T -70
A -70 56.00 0.20
A -60 52.00 0.20
A -50 52.00 0.00
A -40 54.00 0.00
A -30 58.00 0.20
A -20 94.52 2.97
A -10 92.00 0.00
A 0 92.97 0.19
A 10 94.00 0.00
A 20 24.00 0.00
A 30 24.00 0.07
A 40 24.00 0.00
A 50 30.00 0.00
A 60 30.00 0.25
A 70 38.00 0.03
T -20
A 70 36.00 0.15
A 60 24.00 0.79
A 50 28.00 0.00
A 40 28.00 0.00
A 30 28.00 0.00
A 20 92.00 0.00
A 10 92.00 0.00
A 0 81.00 3.40
A -10 56.00 0.20
A -20 52.00 0.00
A -30 50.00 0.00
A -40 52.00 0.00
A -50 55.45 0.20
A -60 91.93 0.20
A -70 90.66 0.20
M 2
A -70 90.00 0.12
A -60 92.00 0.00
A -50 50.00 0.00
A -40 48.00 0.00
A -30 48.00 0.07
A -20 50.00 0.00
A -10 54.00 0.00
A 0 90.00 2.10
A 10 89.31 0.20
A 20 90.00 0.01
A 30 22.00 0.05
A 40 24.00 0.00
A 50 24.00 0.00
A 60 24.00 0.00
A 70 22.00 0.00
T -60
A 70 90.00 0.20
A 60 18.00 0.00
A 50 54.00 0.00
A 40 50.00 0.06
A 30 48.00 0.04
A 20 48.00 0.00
A 10 52.00 0.20
A 0 90.00 0.00
A -10 88.00 0.00
A -20 88.00 0.00
A -30 88.00 0.00
A -40 68.48 2.00
A -50 60.00 0.00
A -60 59.86 0.20
A -70 58.00 0.00
T 0
A -70 58.72 0.00
A -60 58.00 0.00
A -50 60.00 0.00
A -40 92.00 2.60
A -30 88.00 0.00
A -20 88.00 0.00
A -10 88.00 0.00
A 0 90.00 0.00
A 10 51.72 0.20
A 20 48.00 0.00
A 30 48.00 0.00
A 40 48.00 0.00
A 50 53.97 0.01
A 60 92.00 0.00
A 70 51.00 7.20
M 2
A 70 90.00 0.00
A 60 18.41 7.20
A 50 50.00 3.00
A 40 45.00 0.20
A 30 44.00 0.00
A 20 52.00 0.20
A 10 52.00 0.00
A 0 88.00 0.00
A -10 86.00 0.00
A -20 84.00 0.00
A -30 67.03 0.19
A -40 64.00 0.00
A -50 61.66 0.00
A -60 58.00 0.17
A -70 58.00 0.00
T 70
A -70 88.00 0.00
A -60 51.00 0.42
A -50 44.00 0.00
A -40 44.00 0.00
A -30 46.00 0.20
A -20 50.00 0.00
A -10 90.59 0.20
A 0 88.00 0.04
A 10 86.00 0.17
A 20 28.00 0.04
A 30 28.00 0.08
A 40 24.00 0.00
A 50 24.00 0.20
A 60 26.00 0.00
A 70 24.00 0.00
T -10
A 70 24.00 0.00
A 60 18.00 0.80
A 50 24.00 0.00
A 40 24.00 0.00
A 30 88.00 0.00
A 20 87.93 0.20
A 10 90.00 0.00
A 0 90.00 0.00
A -10 52.00 0.00
A -20 46.00 0.20
A -30 44.00 0.10
A -40 44.00 0.19
A -50 88.00 0.00
A -60 88.00 0.00
A -70 88.83 0.20
T 0
A -70 90.00 0.00
A -60 88.00 0.04
A -50 90.00 0.20
A -40 44.97 0.19
A -30 44.00 0.00
A -20 46.00 0.00
A -10 52.00 0.20
A 0 90.00 0.03
A 10 88.00 0.11
A 20 86.00 0.19
A 30 88.00 0.00
A 40 24.00 0.00
A 50 24.00 0.15
A 60 24.00 0.50
A 70 24.00 0.00
T -70
A 70 90.00 0.19
A 60 18.00 3.00
A 50 46.00 0.00
A 40 45.93 0.19
A 30 48.00 0.00
A 20 50.00 0.00
A 10 88.00 0.00
A 0 85.38 0.15
A -10 84.00 0.00
A -20 66.00 0.20
A -30 62.00 0.06
A -40 62.00 0.01
A -50 58.00 0.00
A -60 58.00 0.00
A -70 58.00 0.00
M 2
A -70 56.00 0.00
A -60 56.00 0.00
A -50 56.00 0.00
A -40 58.00 0.20
A -30 60.00 0.06
A -20 64.00 0.09
A -10 82.00 0.00
A 0 82.00 0.00
A 10 82.00 0.12
A 20 84.00 0.04
A 30 60.00 0.32
A 40 50.00 0.00
A 50 48.00 0.11
A 60 50.00 0.00
A 70 90.00 0.20
M 2
A 70 48.00 0.00
A 60 18.00 2.29
A 50 36.00 0.20
A 40 36.00 0.00
A 30 38.00 0.20
A 20 44.00 0.00
A 10 78.00 0.00
A 0 78.00 0.00
A -10 78.00 0.20
A -20 82.00 0.00
A -30 60.00 0.00
A -40 57.93 0.20
A -50 54.00 0.14
A -60 54.00 0.00
A -70 54.00 0.08
T -20
A -70 58.00 0.00
A -60 56.00 0.01
A -50 54.00 0.00
A -40 54.00 0.00
A -30 54.00 0.17
A -20 56.00 0.03
A -10 58.00 0.00
A 0 68.00 0.20
A 10 80.00 0.00
A 20 78.00 0.00
A 30 78.00 0.20
A 40 44.00 0.00
A 50 38.00 0.00
A 60 38.10 0.00
A 70 38.79 0.16
M 2
A 70 36.00 0.00
A 60 27.31 1.80
A 50 38.00 0.03
A 40 78.00 0.00
A 30 76.00 0.00
A 20 74.00 0.13
A 10 76.00 0.00
A 0 74.00 0.03
A -10 70.00 0.26
A -20 54.00 0.00
A -30 52.00 0.00
A -40 52.00 0.01
A -50 52.00 0.00
A -60 52.00 0.00
A -70 56.00 0.20
M 2
A -70 59.66 0.20
A -60 50.00 0.14
A -50 49.76 0.20
A -40 50.00 0.00
A -30 50.00 0.00
A -20 52.00 0.00
A -10 70.00 0.00
A 0 70.00 0.00
A 10 70.00 0.13
A 20 70.00 0.00
A 30 82.00 0.19
A 40 53.00 3.00
A 50 36.97 0.17
A 60 34.00 0.13
A 70 34.00 0.00
M 2
A 70 34.00 0.00
A 60 18.21 1.60
A 50 44.31 0.60
A 40 74.00 0.12
A 30 66.00 0.16
A 20 68.00 0.10
A 10 65.52 0.05
A 0 66.00 0.05
A -10 59.66 0.17
A -20 48.00 0.00
A -30 46.00 0.00
A -40 45.93 0.01
A -50 46.00 0.01
A -60 48.00 0.20
A -70 52.00 0.04
T 40
A -70 48.00 0.00
A -60 49.76 0.20
A -50 54.17 0.20
A -40 68.00 0.15
A -30 64.00 0.15
A -20 66.00 0.03
A -10 78.00 0.00