A -60 118.00 0.20
A -70 102.00 0.17
M 2
A -70 114.00 1.40
A -60 116.66 1.20
A -50 169.17 11.00
A -40 226.00 0.40
A -30 228.41 0.40
A -20 276.00 7.81
A -10 272.00 9.20
A 0 295.14 1.00
A 10 289.00 3.40
A 20 248.00 6.00
A 30 180.31 0.52
A 40 168.00 0.20
A 50 159.00 0.20
A 60 162.00 0.37
A 70 98.24 6.80
M 2
A 70 164.21 0.20
A 60 156.00 0.30
A 50 156.00 0.00
A 40 171.00 1.20
A 30 176.00 0.20
A 20 262.00 2.20
A 10 284.00 1.17
A 0 270.00 2.67
A -10 279.00 4.00
A -20 267.00 6.66
A -30 230.00 3.64
A -40 223.00 0.30
A -50 224.41 0.60
A -60 232.00 1.80
A -70 215.93 3.00
M 2
A -70 260.00 2.00
A -60 266.00 3.80
A -50 230.00 0.40
A -40 219.00 0.46
A -30 234.00 2.60
A -20 265.14 8.19
A -10 258.00 5.40
A 0 276.00 2.20
A 10 282.00 0.25
A 20 280.00 0.60
A 30 264.00 5.00
A 40 168.00 0.00
A 50 154.24 0.40
A 60 154.00 0.13
A 70 163.52 0.20
M 2
A 70 162.00 0.00
A 60 152.41 0.20
A 50 150.17 0.20
A 40 168.00 0.12
A 30 274.00 9.97
A 20 276.00 0.11
A 10 272.79 0.80
A 0 279.86 0.60
A -10 254.00 6.00
A -20 233.00 2.40
A -30 231.00 3.20
A -40 214.00 0.06
A -50 216.14 0.40
A -60 273.00 1.40
A -70 235.00 4.00
M 2
A -70 236.00 0.40
A -60 236.24 3.61
A -50 213.00 0.80
A -40 212.00 0.30
A -30 224.14 1.77
A -20 267.00 6.80
A -10 321.00 1.40
A 0 275.00 1.40
A 10 272.00 0.20
A 20 272.00 0.20
A 30 217.00 9.00
A 40 166.66 0.20
A 50 150.00 0.40
A 60 149.83 0.20
A 70 160.00 0.12
M 2
A 70 158.00 0.20
A 60 145.31 4.80
A 50 147.10 0.20
A 40 164.00 0.01
A 30 175.66 7.04
A 20 268.00 2.60
A 10 268.97 0.20
A 0 271.00 0.40
A -10 266.00 3.00
A -20 241.69 0.20
A -30 224.00 1.20
A -40 208.21 0.00
A -50 210.00 0.40
A -60 226.00 1.00
A -70 230.00 0.20
M 2
A -70 233.38 3.83
A -60 282.86 0.99
A -50 206.00 0.20
A -40 205.45 0.20
A -30 211.52 1.00
A -20 240.00 4.00
A -10 244.21 2.40
A 0 262.00 3.99
A 10 265.00 0.52
A 20 263.03 2.40
A 30 166.00 0.00
A 40 164.00 0.20
A 50 142.00 0.20
A 60 142.21 0.20
A 70 148.00 0.40
M 2
A 70 144.00 1.14
A 60 140.14 0.01
A 50 140.00 0.20
A 40 159.93 0.03
A 30 162.00 0.13
A 20 260.00 3.20
A 10 264.00 0.40
A 0 264.00 1.40
A -10 261.00 3.76
A -20 230.00 0.20
A -30 228.86 2.20
A -40 202.00 0.05
A -50 204.00 0.27
A -60 206.00 0.60
A -70 228.00 0.20
M 2
A -70 250.00 4.60
A -60 226.00 1.20
A -50 200.00 0.20
A -40 201.10 0.20
A -30 215.00 1.80
A -20 231.00 3.20
A -10 232.00 0.60
A 0 251.00 3.08
A 10 258.00 0.00
A 20 256.00 0.20
A 30 167.00 0.80
A 40 158.00 0.00
A 50 139.31 0.41
A 60 138.10 0.20
A 70 142.00 0.40
M 2
A 70 138.52 0.20
A 60 136.00 0.00
A 50 137.17 0.40
A 40 158.00 0.00
A 30 235.59 7.85
A 20 254.00 0.20
A 10 256.00 0.26
A 0 283.00 5.39
A -10 318.00 3.40
A -20 227.00 0.47
A -30 224.00 0.80
A -40 198.00 0.40
A -50 196.48 0.20
A -60 198.00 0.40
A -70 249.00 4.88
M 2
A -70 202.00 0.60
A -60 198.00 0.40
A -50 194.00 0.05
A -40 194.83 0.20
A -30 208.00 0.54
A -20 224.00 0.80
A -10 230.00 1.80
A 0 255.00 0.72
A 10 252.00 0.20
A 20 250.00 0.06
A 30 250.00 0.20
A 40 162.00 0.20
A 50 136.00 0.40
A 60 134.00 0.17
A 70 134.45 0.20
M 2
A 70 132.00 0.00
A 60 116.00 11.50
A 50 132.76 0.20
A 40 245.00 1.20
A 30 246.00 0.60
A 20 247.00 0.20
A 10 248.00 0.40
A 0 254.00 0.60
A -10 250.00 11.80
A -20 220.00 0.20
A -30 198.62 1.00
A -40 195.66 0.20
A -50 192.00 0.20
A -60 194.00 0.40
A -70 246.00 6.60
M 2
A -70 230.00 4.60
A -60 192.00 0.20
A -50 192.00 0.18
A -40 191.59 0.20
A -30 199.00 2.20
A -20 218.00 0.67
A -10 227.00 5.20
A 0 343.00 7.00
A 10 246.00 0.40
A 20 243.03 0.40
A 30 244.00 0.40
A 40 253.69 0.80
A 50 134.59 0.20
A 60 128.00 0.20
A 70 130.00 0.01
M 2
A 70 126.59 0.20
A 60 128.00 0.20
A 50 130.00 0.16
A 40 262.00 1.40
A 30 240.00 0.40
A 20 239.52 0.40
A 10 242.00 0.40
A 0 289.31 10.00
A -10 294.00 11.49
A -20 214.00 0.60
A -30 207.00 1.20
A -40 190.00 0.20
A -50 186.00 0.17
A -60 188.00 0.08
A -70 203.00 3.80
M 2
A -70 189.00 1.01
A -60 187.31 0.20
A -50 186.00 0.00
A -40 186.00 0.00
A -30 207.00 1.58
A -20 210.00 0.20
A -10 230.55 8.20
A 0 236.00 5.00
A 10 255.00 2.40
A 20 236.00 0.14
A 30 235.00 0.20
A 40 262.00 8.40
A 50 132.00 0.20
A 60 126.00 0.00
A 70 125.45 0.11
M 2
A 70 124.00 0.00
A 60 124.00 0.04
A 50 128.00 0.06
A 40 237.00 7.20
A 30 230.24 0.60
A 20 232.00 0.00
A 10 238.00 1.10
A 0 251.10 6.40
A -10 263.72 9.26
A -20 206.17 0.20
A -30 202.00 0.37
A -40 184.00 0.27
A -50 182.00 0.00
A -60 184.00 0.28
A -70 187.00 0.20
M 2
A -70 186.00 0.00
A -60 182.00 0.02
A -50 181.97 0.20
A -40 182.14 0.20
A -30 199.00 1.40
A -20 200.00 0.00
A -10 304.00 11.20
A 0 279.00 4.80
A 10 230.00 0.02
A 20 230.00 0.00
A 30 230.00 0.66
A 40 234.21 11.20
A 50 126.00 0.20
A 60 124.00 0.00
A 70 122.00 0.00
M 2
A 70 118.00 0.10
A 60 118.00 0.20
A 50 122.00 0.00
A 40 232.00 1.40
A 30 226.00 0.20
A 20 226.00 0.20
A 10 230.00 0.40
A 0 281.00 7.40
A -10 214.45 11.80
A -20 206.00 0.77
A -30 196.00 0.40
A -40 180.00 0.20
A -50 178.00 0.20
A -60 178.00 0.00
A -70 182.00 0.20
M 2
A -70 181.00 0.20
A -60 178.00 0.02
A -50 178.00 0.00
A -40 180.14 0.40
A -30 190.10 0.40
A -20 194.24 0.20
A -10 241.00 10.60
A 0 320.00 0.97
A 10 320.00 2.40
A 20 286.00 8.40
A 30 229.97 0.71
A 40 251.00 7.40
A 50 118.00 0.10
A 60 116.00 0.03
A 70 116.00 0.20
M 2
A 70 114.00 0.00
A 60 114.00 0.20
A 50 116.00 0.00
A 40 235.00 9.60
A 30 238.00 7.40
A 20 262.00 8.80
A 10 267.69 7.00
A 0 314.00 5.60
A -10 206.24 11.42
A -20 192.00 0.20
A -30 194.00 0.45
A -40 182.00 0.20
A -50 176.00 0.40
A -60 174.00 0.20
A -70 178.00 0.00
M 2
A -70 176.00 0.00
A -60 174.66 0.20
A -50 174.00 0.00
A -40 184.00 0.60
A -30 188.00 0.11
A -20 190.00 0.20
A -10 254.69 11.40
A 0 248.31 7.20
A 10 314.00 0.20
A 20 287.00 6.60
A 30 313.00 4.20
A 40 129.00 9.64
A 50 116.00 0.00
A 60 114.00 0.02
A 70 112.00 0.00
M 2
A 70 112.00 0.00
A 60 112.00 0.20
A 50 114.00 0.12
A 40 316.62 4.09
A 30 293.00 7.80
A 20 311.00 3.80
A 10 309.00 3.20
A 0 274.00 7.68
A -10 193.00 1.00
A -20 185.00 0.20
A -30 186.00 0.20
A -40 181.00 0.40
A -50 172.00 0.04
A -60 172.00 0.20
A -70 173.69 0.20
M 2
A -70 172.00 0.00
A -60 170.38 0.20
A -50 172.00 0.20
A -40 181.00 0.60
A -30 180.00 0.20
A -20 184.00 0.20
A -10 286.38 11.57
A 0 287.97 6.40
A 10 298.00 2.60
A 20 308.00 0.20
A 30 294.00 4.16
A 40 290.00 6.00
A 50 114.52 0.00
A 60 112.00 0.00
A 70 112.00 0.00
M 2
A 70 110.00 0.00
A 60 110.00 0.00
A 50 114.00 0.02
A 40 315.00 1.40
A 30 317.00 1.00
A 20 304.00 0.20
A 10 292.00 2.80
A 0 286.00 3.03
A -10 196.00 8.40
A -20 183.00 0.31
A -30 178.00 0.20
A -40 178.10 0.20
A -50 172.00 0.00
A -60 170.00 0.00
A -70 170.00 0.00
M 2
A -70 170.00 0.20
A -60 168.00 0.00
A -50 170.38 0.40
A -40 188.00 1.00
A -30 175.00 0.04
A -20 179.00 0.20
A -10 268.00 7.40
A 0 296.00 0.60
A 10 298.00 0.40
A 20 300.00 1.57
A 30 311.00 1.80
A 40 309.00 4.40
A 50 112.00 0.00
A 60 110.00 0.05
A 70 108.00 0.08
M 2
A 70 107.72 0.08
A 60 108.00 9.05
A 50 112.00 0.04
A 40 261.00 3.01
A 30 303.00 1.02
A 20 293.00 0.80
A 10 294.00 2.40
A 0 292.83 0.20
A -10 292.00 6.26
A -20 178.00 0.20
A -30 174.00 0.00
A -40 174.00 0.00
A -50 170.00 0.20
A -60 168.00 0.00
A -70 168.00 0.00
M 2
A -70 166.00 0.20
A -60 166.00 0.20
A -50 168.00 0.20
A -40 168.00 0.20
A -30 172.69 0.20
A -20 203.24 4.96
A -10 288.00 2.00
A 0 278.00 2.80
A 10 290.00 0.19
A 20 292.00 0.08
A 30 298.00 3.20
A 40 313.00 8.60
A 50 108.00 0.20
A 60 107.00 0.20
A 70 106.00 0.00
M 2
A 70 104.00 0.12
A 60 106.00 0.20
A 50 108.00 0.00
A 40 272.00 13.80
A 30 295.03 1.32
A 20 290.00 0.40
A 10 286.24 2.40
A 0 281.00 1.34
A -10 284.00 0.00
A -20 260.00 2.11
A -30 249.62 3.00
A -40 168.00 0.18
A -50 170.00 0.23
A -60 164.14 0.20
A -70 165.00 0.20
M 2
A -70 164.00 0.06
A -60 162.00 0.10
A -50 183.17 0.27
A -40 166.00 0.12
A -30 170.00 0.20
A -20 222.00 10.00
A -10 280.00 1.80
A 0 280.48 0.20
A 10 282.00 1.00
A 20 284.00 0.00
A 30 277.00 3.80
A 40 297.00 3.40
A 50 107.31 0.20
A 60 104.00 0.00
A 70 104.00 0.00
M 2
A 70 102.00 0.00
A 60 102.00 0.20
A 50 104.00 0.12
A 40 277.55 5.20
A 30 289.00 1.80
A 20 275.00 4.00
A 10 275.17 2.80
A 0 278.00 0.20
A -10 276.00 0.00
A -20 276.00 0.20
A -30 172.00 0.60
A -40 175.00 0.60
A -50 164.00 0.20
A -60 166.00 0.20
A -70 163.00 0.20
M 2
A -70 162.00 0.00
A -60 166.00 0.20
A -50 176.00 0.00
A -40 172.00 0.40
A -30 239.00 6.80
A -20 274.00 0.20
A -10 273.00 0.20
A 0 274.00 0.20
A 10 274.00 0.00
A 20 276.00 0.20
A 30 269.00 5.00
A 40 260.00 8.00
A 50 104.00 0.00
A 60 101.97 0.01
A 70 100.00 0.00
M 2
A 70 100.00 0.00
A 60 100.00 8.19