A 0 72.00 0.12
A -10 80.00 1.00
A -20 90.00 0.03
A -30 137.00 0.20
A -40 84.00 0.11
A -50 34.45 0.20
A -60 32.00 0.00
A -70 32.00 0.00
M 2
A -70 30.00 0.00
A -60 34.00 0.00
A -50 40.00 0.00
A -40 48.00 0.26
A -30 76.00 0.00
A -20 78.00 0.00
A -10 80.00 0.00
A 0 64.00 0.19
A 10 64.00 0.00
A 20 64.00 0.00
A 30 64.00 0.00
A 40 64.97 0.20
A 50 70.00 0.00
A 60 65.00 0.20
A 70 60.00 0.00
M 2
A 70 58.00 0.00
A 60 60.00 0.20
A 50 116.00 0.00
A 40 62.00 0.00
A 30 58.86 0.17
A 20 58.00 0.00
A 10 60.00 0.00
A 0 64.00 0.20
A -10 84.00 0.00
A -20 82.00 0.00
A -30 74.00 0.02
A -40 72.00 0.00
A -50 44.00 0.14
A -60 40.00 0.00
A -70 30.00 0.00
M 2
A -70 34.00 0.02
A -60 36.76 0.20
A -50 39.10 0.20
A -40 74.00 0.00
A -30 76.00 0.00
A -20 76.00 0.07
A -10 76.00 0.03
A 0 96.00 0.00
A 10 58.00 0.00
A 20 56.00 0.00
A 30 56.00 0.00
A 40 58.00 0.02
A 50 112.76 0.20
A 60 64.00 0.10
A 70 58.00 0.00
M 2
A 70 58.00 0.00
A 60 62.00 0.23
A 50 110.00 0.00
A 40 112.00 0.00
A 30 52.00 0.00
A 20 54.00 0.00
A 10 60.00 0.00
A 0 92.00 0.00
A -10 88.00 0.20
A -20 75.00 0.20
A -30 72.00 0.20
A -40 88.00 0.50
A -50 76.00 0.11
A -60 36.97 0.00
A -70 40.00 0.20
M 2
A -70 34.00 0.00
A -60 38.62 0.06
A -50 66.00 0.10
A -40 65.97 0.01
A -30 68.00 0.00
A -20 84.00 0.40
A -10 88.00 0.00
A 0 60.00 0.20
A 10 52.00 0.00
A 20 48.97 0.20
A 30 48.00 0.00
A 40 48.00 0.20
A 50 57.48 0.60
A 60 108.00 0.20
A 70 58.00 0.00
M 2
A 70 60.48 0.00
A 60 60.00 0.20
A 50 48.00 0.00
A 40 44.00 0.00
A 30 44.00 0.06
A 20 44.00 0.00
A 10 46.00 0.00
A 0 49.69 0.20
A -10 64.00 0.20
A -20 64.00 0.00
A -30 62.00 0.00
A -40 60.00 0.00
A -50 53.97 0.26
A -60 44.00 0.00
A -70 36.00 0.00
M 2
A -70 44.00 0.28
A -60 60.00 0.00
A -50 56.00 0.00
A -40 56.00 0.00
A -30 56.00 0.11
A -20 58.00 0.00
A -10 60.00 0.00
A 0 88.07 0.60
A 10 40.00 0.20
A 20 40.00 0.00
A 30 40.00 0.00
A 40 43.00 0.20
A 50 48.00 0.10
A 60 104.00 0.00
A 70 64.00 0.11
M 2
A 70 64.00 0.00
A 60 46.00 0.40
A 50 38.00 0.00
A 40 36.00 0.00
A 30 34.00 0.00
A 20 34.00 0.00
A 10 38.00 0.00
A 0 60.00 0.03
A -10 58.00 0.00
A -20 56.00 0.00
A -30 54.72 0.20
A -40 53.66 0.20
A -50 52.00 0.00
A -60 50.00 0.00
A -70 40.00 0.01
M 2
A -70 54.00 0.00
A -60 102.00 0.20
A -50 50.00 0.00
A -40 52.00 0.07
A -30 52.00 0.00
A -20 54.00 0.00
A -10 58.00 0.00
A 0 112.00 0.01
A 10 44.00 0.00
A 20 32.00 0.08
A 30 30.00 0.00
A 40 30.00 0.00
A 50 32.00 0.00
A 60 37.83 0.20
A 70 103.86 2.40
M 2
A 70 102.00 0.00
A 60 32.00 0.20
A 50 31.31 0.00
A 40 27.59 0.03
A 30 28.00 0.20
A 20 36.00 0.20
A 10 112.00 1.61
A 0 108.00 0.00
A -10 110.00 0.13
A -20 55.00 0.20
A -30 50.00 0.00
RESET
A -70 45.00 0.40
A -60 50.00 0.00
A -50 50.00 0.00
A -40 48.00 0.17
A -30 50.00 0.00
A -20 54.00 0.20
A -10 110.00 0.05
A 0 108.00 0.20
A 10 88.00 0.15
A 20 30.00 0.17
A 30 30.00 0.09
A 40 28.00 0.00
A 50 30.00 0.00
A 60 38.00 6.01
A 70 99.76 1.60
M 2
A 70 96.00 0.00
A 60 32.00 0.20
A 50 26.00 0.00
A 40 26.00 0.00
A 30 25.93 0.02
A 20 28.00 0.20
A 10 36.00 0.14
A 0 103.66 0.20
A -10 104.00 0.03
A -20 110.00 0.00
A -30 58.03 0.20
A -40 48.00 0.00
A -50 46.00 0.00
A -60 48.00 0.00
A -70 48.00 0.00
T -20
A -70 38.00 0.00
A -60 43.00 0.08
A -50 47.45 0.40
A -40 48.00 0.00
A -30 46.00 0.00
A -20 46.00 0.00
A -10 50.00 0.00
A 0 106.00 0.20
A 10 105.00 0.10
A 20 104.00 0.00
A 30 30.66 0.13
A 40 27.59 0.16
A 50 28.00 0.00
A 60 28.00 0.04
A 70 26.00 0.00
M 2
A 70 25.93 0.20
A 60 20.00 0.03
A 50 24.00 0.00
A 40 30.00 0.00
A 30 26.00 0.20
A 20 100.00 0.08
A 10 54.00 0.00
A 0 48.00 0.00
A -10 44.00 0.00
A -20 44.00 0.00
A -30 42.00 0.20
A -40 44.00 0.00
A -50 48.00 0.06
A -60 50.00 0.00
A -70 40.00 0.07
T 20
A -70 48.00 0.00
A -60 44.00 0.00
A -50 44.00 0.00
A -40 44.00 0.00
A -30 44.00 0.00
A -20 46.00 0.00
A -10 54.38 0.20
A 0 100.00 0.00
A 10 98.00 0.00
A 20 26.00 0.00
A 30 30.00 0.00
A 40 22.00 0.00
A 50 26.00 0.05
A 60 22.00 0.20
A 70 99.38 0.40
T 0
A 70 99.00 0.27
A 60 20.00 0.00
A 50 26.00 0.06
A 40 24.00 0.00
A 30 31.66 0.20
A 20 26.00 0.08
A 10 98.38 0.00
A 0 100.00 0.00
A -10 56.34 0.17
A -20 46.00 0.14
A -30 46.00 0.06
A -40 44.00 0.00
A -50 44.00 0.00
A -60 44.00 0.00
A -70 50.00 0.00
T 0
A -70 49.00 0.20
A -60 45.00 0.20
A -50 44.00 0.00
A -40 44.00 0.00
A -30 44.00 0.00
A -20 46.00 0.00
A -10 58.00 0.00
A 0 100.00 0.00
A 10 98.00 0.00
A 20 29.00 0.21
A 30 27.03 0.08
A 40 22.00 0.00
A 50 24.00 0.12
A 60 26.00 0.20
A 70 98.10 0.02
T 0
A 70 98.38 0.20
A 60 22.00 0.23
A 50 26.00 0.05
A 40 20.00 0.20
A 30 22.00 0.06
A 20 30.00 0.00
A 10 29.45 7.00
A 0 98.00 0.13
A -10 59.38 0.20
A -20 46.00 0.00
A -30 44.00 0.00
A -40 44.00 0.00
A -50 44.00 0.00
A -60 44.00 0.00
A -70 45.97 0.29
T 43
A -70 46.00 0.00
A -60 50.00 0.20
A -50 103.52 0.23
A -40 100.00 0.00
A -30 28.00 0.00
A -20 22.00 0.14
A -10 24.00 0.20
A 0 24.00 0.00
A 10 22.00 0.05
A 20 23.38 0.20
A 30 98.00 0.00
A 40 98.00 0.00
A 50 66.00 0.00
A 60 62.00 0.00
A 70 62.00 0.20
T 43
A 70 118.00 0.12
A 60 124.00 0.00
A 50 66.00 0.25
A 40 60.00 0.08
A 30 60.00 0.06
A 20 60.00 0.00
A 10 62.00 0.00
A 0 100.00 0.06
A -10 94.86 0.20
A -20 28.55 0.20
A -30 22.00 0.06
A -40 22.00 0.00
A -50 24.00 0.00
A -60 20.00 0.00
A -70 100.62 0.12
T 43
A -70 28.00 0.00
A -60 26.00 0.21
A -50 95.00 0.20
A -40 72.00 0.40
A -30 60.00 0.15
A -20 60.00 0.00
A -10 59.52 0.17
A 0 62.00 0.00
A 10 68.00 0.00
A 20 128.00 0.20
A 30 114.00 0.00
A 40 112.00 0.00
A 50 112.00 0.00
A 60 112.00 0.01
A 70 58.00 0.00
M 2
A 70 56.00 0.00
A 60 81.00 9.00
A 50 106.00 0.00
A 40 108.00 0.00
A 30 110.00 0.05
A 20 134.00 0.00
A 10 62.00 0.20
A 0 58.00 0.00
A -10 56.00 0.20
A -20 54.00 0.00
A -30 56.00 0.00
A -40 107.00 4.46
A -50 106.00 0.00
A -60 30.00 0.08
A -70 28.00 0.00
M 2
A -70 30.00 0.09
A -60 94.00 0.20
A -50 100.00 0.00
A -40 98.00 0.20
A -30 53.97 0.20
A -20 52.00 0.00
A -10 52.00 0.00
A 0 54.00 0.00
A 10 132.97 0.20
A 20 130.00 0.12
A 30 106.00 0.05
A 40 104.00 0.00
A 50 104.00 0.00
A 60 104.00 0.00
A 70 62.10 0.02
M 2
A 70 64.00 0.00
A 60 100.00 0.00
A 50 100.00 0.00
A 40 102.00 0.00
A 30 104.00 0.00
A 20 106.55 0.20
A 10 118.00 1.60
A 0 125.10 3.00
A -10 50.00 0.00
A -20 50.00 0.00
A -30 50.00 0.00
A -40 105.97 0.20
A -50 104.00 0.20
A -60 94.66 0.20
A -70 34.00 0.22
M 2
A -70 43.00 0.20
A -60 91.00 0.20
A -50 102.00 0.20
A -40 48.00 0.00
A -30 44.00 0.14
A -20 44.00 0.00
A -10 44.00 0.18
A 0 50.00 0.00
A 10 120.00 0.40
A 20 109.76 0.20
A 30 102.76 0.08
A 40 100.00 0.00
A 50 98.00 0.00
A 60 98.00 0.00
A 70 79.00 1.60
M 2
A 70 80.41 0.22
A 60 96.00 0.00
A 50 97.00 0.20
A 40 98.00 0.00
A 30 101.90 0.20
A 20 118.00 0.00
A 10 52.76 0.25
A 0 44.00 0.04
A -10 42.00 0.00
A -20 40.55 0.11
A -30 40.00 0.00
A -40 42.31 0.12
A -50 99.66 0.17
A -60 90.00 0.10
A -70 90.00 0.00
M 2
A -70 90.00 0.20
A -60 88.00 0.07
A -50 94.00 0.00
A -40 38.00 0.06
A -30 37.31 0.20
A -20 37.97 0.20
A -10 38.00 0.00
A 0 54.00 0.20
A 10 110.00 0.66
A 20 113.00 0.40
A 30 100.00 0.00
A 40 98.00 0.00
A 50 94.00 0.00
A 60 94.00 0.01
A 70 94.00 0.09
M 2
A 70 92.00 0.00
A 60 92.00 0.00
A 50 92.00 0.00
A 40 94.00 0.00
A 30 97.03 0.20
A 20 108.00 0.19
A 10 112.00 0.20
A 0 44.00 0.00
A -10 34.17 0.03
A -20 32.00 0.00
A -30 34.00 0.00
A -40 34.00 0.00
A -50 92.00 0.00
A -60 87.38 0.20
A -70 88.00 0.00
M 2
A -70 86.66 0.20
A -60 90.00 0.03
A -50 34.00 0.00
A -40 30.00 0.00
A -30 28.62 0.20
A -20 28.00 0.14
A -10 32.00 0.07
A 0 36.00 0.20
A 10 44.97 0.20
A 20 99.31 0.20
A 30 94.00 0.00
A 40 92.00 0.00
A 50 92.00 0.03
A 60 90.00 0.00
A 70 90.00 0.01
M 2
A 70 88.00 0.00
A 60 88.00 0.00
A 50 88.00 0.00
A 40 92.00 0.00
A 30 94.00 0.20
A 20 104.00 0.00
A 10 102.86 0.20
A 0 38.00 0.60
A -10 30.00 0.00
A -20 24.00 0.10
A -30 24.00 0.00
A -40 24.00 0.00
A -50 26.00 0.00
A -60 92.00 0.03
A -70 86.00 0.00
T 20
A -70 26.72 0.20
A -60 26.00 0.20
A -50 24.00 0.18
A -40 24.90 0.20
A -30 32.00 0.20
A -20 89.00 1.60
A -10 98.00 0.22
A 0 102.00 0.00
A 10 94.00 0.03
A 20 92.00 0.07
A 30 88.00 0.00
A 40 88.00 0.00
A 50 88.00 0.04
A 60 87.00 0.20
A 70 90.00 0.00
T 0
A 70 90.00 0.20
A 60 88.00 0.14
A 50 88.00 0.00
A 40 88.00 0.00
A 30 88.00 0.00
A 20 91.66 0.20
A 10 99.90 0.60
A 0 94.00 0.00
A -10 92.00 0.18
A -20 42.00 0.20
A -30 28.00 0.11
A -40 28.00 0.00
A -50 27.03 0.10
A -60 28.00 0.00
A -70 30.00 0.00
M 2
A -70 24.00 0.19
A -60 24.00 0.00
A -50 23.72 0.20
A -40 24.48 0.20
A -30 32.00 0.48
A -20 102.00 0.00
A -10 100.00 0.00
A 0 99.17 0.00
A 10 92.00 0.00
A 20 88.00 0.00
A 30 86.00 0.00
A 40 84.00 0.20
A 50 84.00 0.00
A 60 84.00 0.19
A 70 86.00 0.20
T -20
A 70 86.00 0.00
A 60 85.00 0.20
A 50 86.00 0.05
A 40 88.00 0.00
A 30 100.00 0.00
A 20 100.00 0.00
A 10 98.00 0.20
A 0 64.00 0.10
A -10 26.00 0.00
A -20 26.00 0.00
A -30 24.00 0.00
A -40 22.31 0.20
A -50 27.86 0.10
A -60 26.00 0.00
A -70 87.66 0.20
T 20
A -70 25.97 0.02
A -60 24.00 0.06
A -50 23.72 0.20
A -40 24.00 0.00
A -30 31.00 0.27
A -20 102.00 0.00
A -10 100.00 0.00
A 0 99.17 0.03
A 10 92.00 0.00
A 20 88.00 0.20
A 30 86.00 0.00
A 40 86.00 0.20
A 50 84.00 0.00
A 60 84.00 0.00
A 70 86.00 0.00
T -20
A 70 86.00 0.00
A 60 86.00 0.00
A 50 86.00 0.00
A 40 88.00 0.00
A 30 100.00 0.00
A 20 100.00 0.77
A 10 96.00 0.60
A 0 64.00 0.00
A -10 28.00 0.20
A -20 26.00 0.00
A -30 24.00 0.03
A -40 22.93 0.20
A -50 26.00 0.10
A -60 27.66 0.20
A -70 87.79 0.20
T 20
A -70 24.90 0.20
A -60 24.00 0.20
A -50 24.00 0.00
A -40 24.00 0.00
A -30 34.00 0.40
A -20 102.00 0.00
A -10 100.00 0.80
A 0 98.00 0.20
A 10 98.00 0.00
A 20 88.00 0.00
A 30 86.00 0.00
A 40 84.97 0.20
A 50 84.00 0.19
A 60 86.00 0.00
A 70 83.00 6.66
T 43
A 70 58.00 0.00
A 60 58.00 0.00
A 50 58.00 0.20
A 40 64.00 0.00
A 30 86.00 0.00
A 20 84.00 0.00
A 10 84.00 0.00
A 0 84.00 0.00
A -10 85.93 0.20
A -20 88.00 0.00
A -30 90.00 0.00
A -40 92.00 0.00
A -50 98.00 0.00
A -60 101.00 0.20
A -70 32.00 0.20
M 2
A -70 38.00 0.00
A -60 40.00 0.00
A -50 96.00 0.00
A -40 96.00 0.00
A -30 91.72 0.03
A -20 88.00 0.20
A -10 82.00 0.06
A 0 80.00 0.00
A 10 80.90 0.00
A 20 82.00 0.00
A 30 69.10 0.40
A 40 62.76 0.03
A 50 58.00 0.00
A 60 56.00 0.10
A 70 56.00 0.12
M 2
A 70 54.00 0.00
A 60 54.00 0.00
A 50 56.00 0.00
A 40 58.00 0.00
A 30 82.66 1.20
A 20 78.00 0.00
A 10 78.00 0.02
A 0 77.00 0.20
A -10 78.00 0.00
A -20 98.00 0.00
A -30 96.00 0.20
A -40 94.00 0.02
A -50 94.38 0.20
A -60 104.00 0.12
A -70 43.00 0.60
M 2
A -70 97.38 0.20
A -60 93.93 0.10
A -50 92.00 0.00
A -40 94.00 0.00
A -30 92.00 0.00
A -20 80.00 0.00
A -10 74.00 0.00
A 0 72.00 0.00
A 10 72.00 0.20
A 20 74.45 0.10
A 30 78.00 0.20
A 40 58.00 0.09
A 50 54.00 0.00
A 60 52.00 0.00
A 70 52.00 0.00
M 2
A 70 51.93 0.01
A 60 52.00 0.01
A 50 52.00 0.18
A 40 56.00 0.00
A 30 72.00 0.00
A 20 70.00 0.00
A 10 68.00 0.00
A 0 68.00 0.00
A -10 68.00 0.15
A -20 72.62 0.20
RESET
A -70 93.00 0.63
A -60 92.00 0.00
A -50 90.00 0.00
A -40 92.00 0.04
A -30 78.00 0.25
A -20 72.14 0.12
A -10 69.52 0.20
A 0 68.00 0.00
A 10 68.00 0.00
A 20 70.00 0.00
A 30 74.00 0.13
A 40 56.00 0.17
A 50 53.93 0.20
A 60 52.00 0.00
A 70 52.00 0.01
M 2
A 70 50.00 0.00
A 60 50.00 0.00
A 50 52.00 0.00
A 40 60.00 0.40
A 30 68.00 0.00
A 20 66.03 0.01
A 10 64.00 0.00
A 0 64.00 0.04
A -10 64.00 0.00
A -20 68.00 0.20
A -30 70.00 0.20
A -40 90.00 0.16
A -50 90.00 0.13
A -60 92.00 0.00
A -70 52.00 0.00
M 2
A -70 90.00 0.03
A -60 87.86 0.07
A -50 82.31 0.20
A -40 82.59 0.00
A -30 68.00 0.00
A -20 62.76 0.20
A -10 60.00 0.00
A 0 60.00 0.00
A 10 60.00 0.00
A 20 60.00 0.00
A 30 62.00 0.00
A 40 66.00 0.08
A 50 52.00 0.01
A 60 50.00 0.20
A 70 48.00 0.00
M 2
A 70 48.00 0.00
A 60 48.00 0.00
A 50 52.00 0.00
A 40 60.00 0.03
A 30 58.00 0.00
A 20 58.00 0.00
A 10 56.00 0.00
A 0 56.00 0.07
A -10 56.00 0.17
A -20 58.00 0.00
A -30 74.00 0.00
A -40 74.00 0.00
A -50 76.00 0.40
A -60 84.00 0.20
A -70 86.00 0.00
M 2
A -70 88.00 0.00
A -60 86.00 0.00
A -50 74.00 0.14
A -40 78.00 0.00
A -30 62.00 0.03
A -20 56.00 0.20
A -10 52.00 0.00
A 0 52.00 0.00
A 10 52.00 0.00
A 20 54.00 0.00
A 30 56.00 0.00
A 40 60.00 0.00
A 50 98.00 0.50
A 60 48.00 0.00
A 70 46.00 0.00
M 2
A 70 45.93 0.19
A 60 46.00 0.00
A 50 178.86 1.61
A 40 166.00 6.63
A 30 58.00 0.03
A 20 50.00 0.00
A 10 48.00 0.00
A 0 48.00 0.00
A -10 48.00 0.15
A -20 58.00 0.00
A -30 61.83 0.20
A -40 62.76 0.20
A -50 82.00 0.03
A -60 82.00 0.19
A -70 82.00 0.20
M 2
A -70 70.00 0.16
A -60 82.00 0.00
A -50 68.00 0.26
A -40 60.00 0.00
A -30 50.66 0.20
A -20 46.00 0.00
A -10 44.00 0.00
A 0 44.00 0.00
A 10 44.00 0.00
A 20 44.00 0.00
A 30 47.66 0.20
A 40 83.24 2.22
A 50 86.00 0.01
A 60 47.59 0.11
A 70 45.93 0.20
M 2
A 70 44.00 0.00
A 60 44.00 0.20
A 50 54.00 0.03
A 40 46.00 0.20
A 30 43.00 0.20
A 20 40.00 0.17
A 10 40.00 0.00
A 0 40.00 0.00
A -10 40.00 0.00
A -20 42.00 0.00
A -30 48.00 0.06
A -40 54.55 0.20
A -50 58.00 0.20
A -60 68.48 0.71
A -70 82.00 0.20
M 2
A -70 79.59 0.20
A -60 72.90 0.20
A -50 60.34 0.40
A -40 56.00 0.20
A -30 61.00 0.20
A -20 38.62 0.14
A -10 36.69 0.20
A 0 36.00 0.00
A 10 36.00 0.00
A 20 36.00 0.20
A 30 45.38 0.14
A 40 48.00 0.00
A 50 74.00 0.19
A 60 56.00 0.20
A 70 44.00 0.00
M 2
A 70 42.00 0.12
A 60 42.00 0.00
A 50 78.00 0.20
A 40 38.00 0.00
A 30 35.86 0.01
A 20 30.86 0.20
A 10 32.00 0.01
A 0 32.00 0.00
A -10 32.00 0.00
A -20 34.00 0.00
A -30 40.00 0.10
A -40 46.00 0.01
A -50 52.00 0.00
A -60 74.00 0.00
A -70 73.86 0.20
M 2
A -70 72.00 0.00
A -60 68.28 0.06
A -50 68.00 0.00
A -40 44.00 0.00
A -30 42.00 0.14
A -20 32.00 0.00
A -10 26.00 0.00
A 0 26.00 0.00
A 10 26.00 0.00
A 20 28.00 0.00
A 30 30.00 0.00
A 40 36.00 0.00
A 50 45.62 3.20
A 60 53.86 2.00
A 70 44.00 0.00
M 2
A 70 46.00 0.00
A 60 187.97 7.61
A 50 38.00 0.00
A 40 200.00 2.80
A 30 24.00 0.00
A 20 26.00 0.00
A 10 24.00 0.00
A 0 24.00 0.20
A -10 24.00 0.00
A -20 26.00 0.00
A -30 28.00 0.00
A -40 36.00 0.00
A -50 38.00 0.09
A -60 70.00 1.38
A -70 74.00 0.20
T -70
A -70 60.00 0.00
A -60 58.00 0.12
A -50 58.00 0.00
A -40 58.00 0.00
A -30 60.00 0.01
A -20 70.00 0.00
A -10 70.00 0.01
A 0 68.00 0.07
A 10 65.48 0.17
A 20 68.00 0.20
A 30 36.62 0.20
A 40 30.00 0.28
A 50 28.00 0.00
A 60 26.00 0.00
A 70 26.62 0.10
M 2
A 70 24.00 0.00
A 60 24.00 0.00
A 50 24.00 0.00
A 40 32.00 0.00
A 30 42.00 0.00
A 20 40.00 0.00
A 10 66.00 0.01
A 0 66.00 0.00
A -10 65.52 0.04
A -20 61.24 0.20
A -30 58.00 0.10
A -40 56.00 0.00
A -50 56.00 0.00
A -60 56.00 0.00
A -70 58.00 0.20
T 0
A -70 58.00 0.00
A -60 56.00 0.00
A -50 56.00 0.03
A -40 56.00 0.00
A -30 58.00 0.00
A -20 60.00 0.00
A -10 64.00 0.20
A 0 66.00 0.05
A 10 66.00 0.00
A 20 42.00 0.00
A 30 42.00 0.20
A 40 32.00 0.18
A 50 24.00 0.00
A 60 24.00 0.00
A 70 24.00 0.00
T 0
A 70 24.00 0.00
A 60 24.00 0.00
A 50 24.00 0.00
A 40 32.00 0.00
A 30 42.00 0.06
A 20 40.00 0.00
A 10 66.00 0.00
A 0 66.00 0.00
A -10 65.93 0.20
A -20 62.00 0.06
A -30 58.00 0.00
A -40 56.00 0.00
A -50 56.00 0.00
A -60 56.00 0.00
A -70 58.00 0.00
T 0
A -70 58.00 0.00
A -60 56.00 0.00
A -50 56.00 0.01
A -40 56.00 0.00
A -30 58.00 0.00
A -20 60.00 0.00
A -10 65.52 0.05
A 0 66.00 0.00
A 10 65.97 0.20
A 20 42.00 0.00
A 30 42.00 0.14
A 40 32.00 0.19
A 50 24.00 0.00
A 60 24.00 0.00
A 70 24.00 0.00
T 0
A 70 24.00 0.00
A 60 24.00 0.00
A 50 24.00 0.00
A 40 32.00 0.00
A 30 42.90 0.20
A 20 40.00 0.00
A 10 66.00 0.00
A 0 66.00 0.00
A -10 64.00 0.20
A -20 61.62 0.20
A -30 58.00 0.00
A -40 56.00 0.00
A -50 55.93 0.20
A -60 56.00 0.00
A -70 58.00 0.02
M 2
A -70 54.00 0.09
A -60 54.00 0.00
A -50 52.83 0.20
A -40 54.00 0.00
A -30 56.00 0.17
A -20 60.00 0.20
A -10 61.24 0.12
A 0 64.00 0.00
A 10 64.00 2.00
A 20 40.00 0.00
A 30 35.45 0.00
A 40 26.00 0.00
A 50 28.00 0.17
A 60 20.00 0.00
A 70 20.00 0.00
T 0
A 70 20.00 0.00
A 60 19.45 0.20
A 50 28.00 0.15
A 40 26.00 0.00
A 30 34.00 0.00
A 20 40.00 0.00
A 10 66.00 0.05
A 0 64.00 0.00
A -10 60.00 0.04
A -20 60.00 0.00
A -30 56.00 0.12
A -40 54.00 0.00
A -50 52.00 0.00
A -60 54.00 0.00
A -70 56.00 0.10
T 10
A -70 54.00 0.00
A -60 54.00 0.00
A -50 54.00 0.00
A -40 56.00 0.00
A -30 66.00 0.20
A -20 64.00 0.07
A -10 66.00 0.00
A 0 68.00 0.20
A 10 40.00 0.17
A 20 30.00 0.00
A 30 32.90 0.20
A 40 21.90 0.20
A 50 24.00 0.10
A 60 23.38 0.20
A 70 22.00 0.00
T 0
A 70 22.00 0.00
A 60 22.00 0.80
A 50 24.00 0.00
A 40 20.00 0.20
A 30 35.86 0.11
A 20 30.00 0.00
A 10 40.00 0.00
A 0 66.00 0.00
A -10 66.00 0.00
A -20 64.00 0.04
A -30 64.00 0.20
A -40 58.00 0.00
A -50 54.00 0.13
A -60 54.00 0.00
A -70 54.00 0.00
T -10
A -70 55.79 0.08
A -60 54.00 0.00
A -50 54.00 0.00
A -40 54.00 0.00
A -30 56.00 0.19
A -20 60.00 0.10
A -10 60.00 0.00
A 0 64.00 0.00
A 10 66.00 0.00
A 20 38.52 0.20
A 30 36.00 0.11
A 40 26.00 0.00
A 50 28.00 0.20
A 60 21.00 0.20
A 70 20.00 0.00
M 2
A 70 22.00 0.00
A 60 22.00 0.00
A 50 22.17 0.00
A 40 30.00 0.00
A 30 80.00 0.00
A 20 68.00 0.11
A 10 50.00 0.06
A 0 60.00 0.78
A -10 62.00 0.02
A -20 58.00 0.00
A -30 54.00 0.00
A -40 52.00 0.00
A -50 52.00 0.00
A -60 52.00 0.00
A -70 52.00 0.00
T 30
A -70 52.00 0.20
A -60 54.00 0.00
A -50 58.00 0.00
A -40 62.00 0.20
A -30 58.00 0.00
A -20 60.00 0.00
A -10 55.00 2.80
A 0 28.00 0.00
A 10 20.41 0.10
A 20 24.00 0.00
A 30 20.00 0.00
A 40 18.00 0.00
A 50 20.00 0.20
A 60 23.52 0.10
A 70 24.41 12.84
T -40
A 70 18.59 0.20
A 60 18.00 0.00
A 50 27.00 0.06
A 40 82.00 0.09
A 30 30.00 0.00
A 20 46.00 0.14
A 10 64.00 0.00
A 0 60.00 0.00
A -10 56.76 0.20
A -20 54.00 0.01
A -30 52.00 0.00
A -40 50.00 0.00
A -50 51.86 0.03
A -60 52.00 0.00
A -70 56.90 0.20
T 40
A -70 53.93 0.01
A -60 54.00 0.00
A -50 58.00 0.20
A -40 61.62 0.20
A -30 58.90 0.20
A -20 60.00 0.00
A -10 78.00 0.00
A 0 28.00 0.00
A 10 20.76 0.20
A 20 24.00 0.00
A 30 20.00 0.00
A 40 18.00 0.00
A 50 20.00 0.00
A 60 22.00 0.10
A 70 80.28 7.06
T 70
A 70 56.00 0.00
A 60 56.00 0.20
A 50 64.00 0.08
A 40 65.31 0.10
A 30 66.00 0.00
A 20 78.00 0.20
A 10 21.66 0.20
A 0 22.00 0.00
A -10 18.00 0.00
A -20 18.00 0.12
A -30 20.00 0.20
A -40 18.00 0.13
A -50 90.79 7.20
A -60 24.00 0.00
A -70 40.00 0.00
T 43
A -70 20.00 0.00
A -60 20.00 0.00
A -50 22.00 0.00
A -40 22.00 0.00
A -30 29.52 0.20
A -20 38.00 0.00
A -10 68.00 0.00
A 0 62.52 0.00
A 10 56.00 0.08
A 20 54.00 0.20
A 30 52.00 0.00
A 40 56.00 0.00
A 50 65.38 0.20
A 60 126.00 0.21
A 70 111.38 0.20
T 43
A 70 74.00 0.54
A 60 107.45 0.36
A 50 106.00 0.16
A 40 108.00 0.00
A 30 112.00 0.00
A 20 128.00 0.39
A 10 149.55 2.58
A 0 58.00 0.06
A -10 56.00 0.20
A -20 54.00 0.00
A -30 54.00 0.00
A -40 57.62 0.20
A -50 44.00 0.07
A -60 40.28 0.06
A -70 31.31 0.13
M 2
A -70 30.00 0.00
A -60 40.00 4.00
A -50 82.00 0.00
A -40 53.00 0.20
A -30 50.00 0.00
A -20 51.00 0.20
A -10 52.00 0.00
A 0 60.00 0.12
A 10 123.93 1.60
A 20 124.00 0.00
A 30 109.00 0.20
A 40 106.00 0.20
A 50 104.00 0.00
A 60 104.00 0.00
A 70 93.00 3.00
M 2
A 70 104.00 0.00
A 60 102.69 0.08
A 50 102.00 0.00
A 40 104.00 0.01
A 30 110.00 0.14
A 20 120.00 0.20
A 10 50.00 0.00
A 0 46.79 0.17
A -10 46.00 0.00
A -20 46.00 0.00
A -30 48.00 0.00
A -40 54.00 0.20
A -50 183.00 3.00
A -60 37.72 0.17
A -70 181.00 0.37
M 2
A -70 36.00 0.00
A -60 40.00 0.00
A -50 92.00 0.00
A -40 44.00 0.00
A -30 40.00 0.11
A -20 40.00 0.00
A -10 40.00 0.00
A 0 42.00 0.00
A 10 44.00 0.00
A 20 116.00 0.20
A 30 118.00 0.20
A 40 102.00 0.00
A 50 101.24 0.00
A 60 100.00 0.00
A 70 100.00 0.00
M 2
A 70 74.00 0.00
A 60 98.00 0.20
A 50 100.00 0.07
A 40 110.00 0.80
A 30 126.00 0.25
A 20 118.00 0.00
A 10 66.52 0.15
A 0 44.00 0.00
A -10 38.00 0.00
A -20 35.86 0.01
A -30 35.86 0.01
A -40 37.66 0.20
A -50 42.00 0.00
A -60 72.00 0.00
A -70 38.00 0.06
M 2
A -70 82.00 0.20
A -60 38.00 0.00
A -50 36.00 0.00
A -40 32.00 0.00
A -30 32.00 0.20
A -20 34.00 0.00
A -10 34.93 0.19
A 0 44.00 0.01
A 10 42.31 0.20
A 20 116.00 0.00
A 30 115.00 0.60
A 40 108.00 1.00
A 50 100.00 0.20
A 60 98.00 0.00
A 70 98.00 0.00
M 2
A 70 96.00 0.20
A 60 96.00 0.20
A 50 96.62 0.20
A 40 107.00 1.80
A 30 112.00 0.20
A 20 125.90 1.54
A 10 139.86 0.80
A 0 32.90 0.02
A -10 30.00 0.00
A -20 31.31 0.00
A -30 32.00 0.00
A -40 136.00 1.00
A -50 166.10 0.80
A -60 108.00 0.22
A -70 40.00 0.00
M 2
A -70 70.00 0.00
A -60 93.00 1.20
A -50 29.55 0.20
A -40 26.00 0.00
RESET
RESET
RESET
A -70 70.00 4.00
A -60 105.00 1.57
A -50 30.00 0.00
A -40 26.00 0.00
A -30 26.00 0.00
A -20 26.00 0.00
A -10 26.00 0.01
A 0 32.00 0.00
A 10 32.00 0.00
A 20 121.07 0.40
A 30 109.48 0.40
A 40 110.00 0.20
A 50 94.00 0.00
A 60 92.00 0.20
A 70 49.00 7.60
M 2
A 70 92.00 0.01
A 60 90.93 0.40
A 50 94.00 0.20
A 40 102.00 0.02
A 30 103.00 0.20
A 20 100.00 0.20
A 10 38.10 0.40
A 0 112.00 0.27
A -10 22.00 0.20
A -20 20.00 0.00
A -30 22.00 0.00
A -40 22.00 0.00
A -50 22.00 0.00
A -60 28.83 0.11
A -70 66.00 0.01
T 0
A -70 66.00 0.00
A -60 30.00 0.03
A -50 22.00 0.08
A -40 22.00 0.20
A -30 22.00 0.13
A -20 22.00 0.00
A -10 22.00 0.00
A 0 30.90 8.20
A 10 36.00 1.00
A 20 100.00 6.60
A 30 102.41 0.13
A 40 102.00 0.05
A 50 94.00 0.00
A 60 92.00 0.00
A 70 91.93 0.20
T 30
A 70 70.00 0.00
A 60 73.00 0.40
A 50 92.00 0.20
A 40 91.17 0.12
A 30 90.00 0.03
A 20 94.72 0.20
A 10 101.24 0.20
A 0 104.97 0.20
A -10 102.00 0.00
A -20 35.66 0.20
A -30 26.00 0.01
A -40 26.00 0.08
A -50 22.00 0.00
A -60 22.00 0.20
A -70 24.00 0.04
T 0
A -70 24.00 0.00
A -60 22.00 0.00
A -50 22.00 0.00
A -40 26.00 0.20
A -30 26.00 0.00
A -20 34.93 0.20
A -10 103.31 0.20
A 0 105.48 0.20
A 10 102.00 0.08
A 20 94.00 0.00
A 30 90.00 0.00
A 40 90.38 0.17
A 50 90.00 0.19
A 60 76.76 0.20
A 70 70.00 0.00
T 0
A 70 70.00 0.00
A 60 72.90 0.20
A 50 92.00 0.00
A 40 90.86 0.20
A 30 92.00 0.20
A 20 94.00 0.00
A 10 101.00 0.40
A 0 105.97 0.20
A -10 102.00 0.40
A -20 35.59 0.40
A -30 26.00 0.01
A -40 26.00 0.10
A -50 22.00 0.00
A -60 22.00 0.00
A -70 22.66 0.20
M 2
A -70 20.00 0.00
A -60 20.00 0.00
A -50 20.00 0.08
A -40 24.00 0.00
A -30 32.00 0.20
A -20 30.00 0.00
A -10 98.00 0.20
A 0 100.00 0.00
A 10 102.00 0.00
A 20 92.00 0.20
A 30 89.83 0.20
A 40 88.00 0.20
A 50 86.00 0.19
A 60 90.00 0.00
A 70 70.00 0.20
T 10
A 70 68.00 0.00
A 60 18.00 5.20
A 50 90.00 0.00
A 40 86.00 0.00
A 30 86.00 0.17
A 20 88.00 0.15
A 10 92.00 0.20
A 0 107.52 0.20
A -10 102.00 0.03
A -20 100.00 0.20
A -30 99.45 0.60
A -40 119.03 0.40
A -50 22.00 0.00
A -60 22.72 0.20
A -70 23.00 0.12
T -40
A -70 72.00 0.07
A -60 36.62 4.20
A -50 20.00 0.00
A -40 20.00 0.00
A -30 20.00 0.00
A -20 18.00 0.00
A -10 26.00 0.00
A 0 24.00 0.00
A 10 47.45 0.40
A 20 98.00 0.08
A 30 99.59 0.17
A 40 98.00 0.00
A 50 92.00 0.00
A 60 90.00 0.00
A 70 88.00 0.00
T 30
A 70 70.00 0.00
A 60 92.00 0.20
A 50 88.00 0.00
A 40 88.00 0.00
A 30 90.00 0.05
A 20 92.00 0.14
A 10 101.00 0.08
A 0 99.38 0.20
A -10 98.00 0.20
A -20 30.00 0.20
A -30 30.00 0.19
A -40 24.00 0.00
A -50 20.83 0.18
A -60 20.00 0.20
A -70 20.00 0.00
T 10
A -70 24.00 0.20
A -60 24.00 0.03
A -50 20.00 0.20
A -40 121.55 8.54
A -30 100.97 2.00
A -20 99.10 0.20
A -10 102.00 0.00
A 0 106.00 0.36
A 10 92.00 0.00
A 20 88.21 0.20
A 30 86.79 0.20
A 40 86.00 0.20
A 50 90.52 0.20
A 60 70.00 0.20
A 70 68.00 0.18
M 2
A 70 70.00 0.00
A 60 71.00 5.60
A 50 86.00 0.00
A 40 84.00 0.00
A 30 84.00 0.00
A 20 88.00 0.20
A 10 92.00 0.00
A 0 106.00 0.20
A -10 102.00 0.00
A -20 92.00 0.00
A -30 93.00 5.60
A -40 28.21 0.20
A -50 21.83 0.40
A -60 20.00 0.20
A -70 22.00 0.00
T 0
A -70 22.00 0.00
A -60 22.00 0.00
A -50 20.00 0.00
A -40 29.69 0.20
A -30 93.38 5.60
A -20 94.00 0.00
A -10 102.00 0.20
A 0 105.93 0.16
A 10 92.00 0.03
A 20 88.00 0.00
A 30 85.24 0.20
A 40 84.00 0.00
A 50 86.00 0.20
A 60 76.00 0.40
A 70 70.00 0.00
T 0
A 70 70.00 0.00
A 60 74.00 0.20
A 50 86.00 0.01
A 40 84.00 0.00
A 30 84.00 0.00
A 20 86.00 0.20
A 10 92.00 0.00
A 0 104.00 0.00
A -10 102.00 0.02
A -20 94.00 0.20
A -30 94.00 0.16
A -40 28.00 0.20
A -50 21.52 0.00
A -60 22.00 0.02
A -70 22.00 0.00
T 0
A -70 22.00 0.08
A -60 22.00 0.00
A -50 20.00 0.18
A -40 29.59 0.20
A -30 92.00 5.80
A -20 94.00 0.01
A -10 102.00 0.00
A 0 104.00 0.19
A 10 92.00 0.00
A 20 88.00 0.00
A 30 84.97 0.19
A 40 84.00 0.00
A 50 86.00 0.00
A 60 76.00 0.20
A 70 70.00 0.05
T 0
A 70 70.00 0.00
A 60 74.00 0.40
A 50 86.00 0.00
A 40 84.00 0.00
A 30 84.00 0.00
A 20 86.00 0.00
A 10 92.00 0.00
A 0 104.55 0.20
A -10 102.00 0.02
A -20 95.45 0.40
A -30 94.00 0.20
A -40 28.34 0.20
A -50 20.00 0.25
A -60 22.00 0.05
A -70 22.00 0.08
M 2
A -70 18.00 0.00
A -60 22.00 0.00
A -50 24.00 0.00
A -40 108.21 9.28
A -30 91.72 0.20
A -20 90.00 0.00
A -10 91.72 0.20
A 0 90.00 0.01
A 10 96.00 0.20
A 20 84.00 0.11
A 30 83.66 0.20
A 40 82.17 0.20
A 50 84.00 0.00
A 60 88.00 0.60
A 70 70.00 0.00
T 10
A 70 70.00 0.20
A 60 70.76 0.20
A 50 88.00 0.20
A 40 84.00 0.01
A 30 82.86 0.17
A 20 84.00 0.00
A 10 85.69 0.20
A 0 88.00 0.20
A -10 94.00 0.00
A -20 89.79 0.20
A -30 88.00 0.00
A -40 90.72 0.20
A -50 26.00 0.20
A -60 24.00 0.00
A -70 22.00 0.00
T -10
A -70 18.00 0.00
A -60 22.00 0.18
A -50 24.00 0.20
A -40 61.38 9.20
A -30 92.00 0.00
A -20 90.00 0.20
A -10 90.00 0.00
A 0 90.00 0.19
A 10 94.00 0.20
A 20 84.00 0.00
A 30 82.00 0.13
A 40 82.00 0.01
A 50 84.00 0.00
A 60 92.00 0.20
A 70 70.00 0.40
T 10
A 70 72.00 0.00
A 60 70.66 0.20
A 50 88.00 0.31
A 40 84.00 0.00
A 30 82.38 0.20
A 20 84.00 0.20
A 10 84.00 0.00
A 0 90.00 0.12
A -10 94.00 0.00
A -20 90.00 0.00
A -30 88.00 0.19
A -40 90.00 0.00
A -50 26.00 0.16
A -60 24.00 0.00
A -70 22.00 0.00
T -10
A -70 18.00 0.00
A -60 22.00 0.14
A -50 22.66 0.20
A -40 124.00 9.20
A -30 90.93 0.20
A -20 90.00 0.03
A -10 90.00 0.00
A 0 91.86 0.20
A 10 92.00 0.18
A 20 84.55 0.19
A 30 83.72 0.08
A 40 82.00 0.20
A 50 84.00 0.06
A 60 92.00 0.20
A 70 70.00 0.20
M 2
A 70 130.00 0.20
A 60 86.00 6.60
A 50 82.00 0.16
A 40 82.00 0.00
A 30 84.00 0.00
A 20 82.00 0.03
A 10 98.00 0.20
A 0 98.00 0.20
A -10 90.86 0.20
A -20 86.00 0.40
A -30 34.00 0.13
A -40 48.00 0.00
A -50 24.76 0.15
A -60 18.52 0.20
A -70 20.00 0.00
T 70
A -70 92.00 0.00
A -60 88.00 0.00
A -50 84.00 0.00
A -40 82.00 0.00
A -30 84.00 0.04
A -20 86.00 0.00
A -10 89.93 0.03
A 0 129.76 1.99
A 10 70.00 0.00
A 20 122.00 0.00
A 30 68.00 0.00
A 40 70.00 0.17
A 50 79.79 0.40
A 60 104.00 0.00
A 70 78.00 2.40
M 2
A 70 101.24 0.20
A 60 112.00 0.00
A 50 108.00 0.20
A 40 114.00 0.13
A 30 72.00 0.20
A 20 62.00 0.10
A 10 62.00 0.17
A 0 66.00 0.00
A -10 85.00 0.38
A -20 77.62 0.20
A -30 76.00 0.00
A -40 74.00 0.19
A -50 80.00 0.00
A -60 88.00 0.20
A -70 90.00 0.00
M 2
A -70 88.00 0.00
A -60 90.00 0.40
A -50 72.00 0.00
A -40 70.00 0.13
A -30 70.66 0.20
A -20 72.00 0.00
A -10 80.00 0.40
A 0 64.00 5.80
A 10 58.00 0.08
A 20 57.00 0.20
A 30 60.00 0.00
A 40 114.86 0.20
A 50 94.00 0.60
A 60 102.17 0.20
A 70 84.00 0.20
M 2
A 70 84.00 0.00
A 60 88.00 2.00
A 50 106.00 0.09
A 40 62.00 0.08
A 30 54.00 0.20
A 20 54.00 0.20
A 10 57.97 0.20
A 0 116.00 0.20
A -10 118.00 0.00
A -20 70.00 0.00
A -30 68.00 0.00
A -40 67.03 0.10
A -50 68.00 0.00
A -60 71.72 0.00
A -70 92.00 0.00
M 2
A -70 97.52 0.20
A -60 68.00 0.20
A -50 64.00 0.05
A -40 64.14 0.00
A -30 66.00 0.05
A -20 68.00 0.21
A -10 114.00 0.00
A 0 114.00 0.20
A 10 114.00 0.00
A 20 60.00 0.20
A 30 52.00 0.00
A 40 54.00 0.00
A 50 58.00 0.00
A 60 81.00 2.99
A 70 92.00 0.00
M 2
A 70 93.90 0.20
A 60 102.00 0.00
A 50 60.00 0.00
A 40 66.00 0.20
A 30 119.00 0.40
A 20 49.69 0.20
A 10 48.00 0.00
A 0 50.00 0.19
A -10 110.00 4.08
A -20 66.00 0.00
A -30 62.00 0.20
A -40 62.76 0.00
A -50 62.00 0.00
A -60 64.00 0.00
A -70 96.00 0.14
M 2
A -70 68.00 0.00
A -60 61.79 0.20
A -50 60.00 0.12
A -40 62.00 0.00
A -30 108.00 0.00
A -20 107.59 0.20
A -10 106.00 0.01
A 0 46.00 0.00
A 10 42.00 0.02
A 20 44.00 0.08
A 30 50.00 0.00
A 40 52.00 0.00
A 50 55.31 0.20
A 60 104.00 0.20
A 70 98.00 0.00
M 2
A 70 94.00 0.00
A 60 19.00 4.38
A 50 102.00 0.00
A 40 50.00 0.19
A 30 40.00 0.00
A 20 38.00 0.06
A 10 36.00 0.20
A 0 40.00 0.20
A -10 104.00 0.12
A -20 104.00 0.00
A -30 104.00 0.20
A -40 66.00 0.00
A -50 60.00 0.01
A -60 66.00 0.00
A -70 94.00 0.01
T -30
A -70 92.00 0.00
A -60 90.00 0.00
A -50 90.00 0.01
A -40 71.93 0.20
A -30 64.00 0.04
A -20 60.00 0.00
A -10 62.00 0.00
A 0 77.00 0.83
A 10 102.00 0.00
A 20 103.72 0.20
A 30 110.00 0.20
A 40 40.00 0.00
A 50 38.00 0.00
A 60 40.00 0.01
A 70 50.00 0.00
M 2
A 70 35.86 0.01
A 60 28.00 1.78
A 50 34.00 0.00
A 40 38.00 0.00
A 30 96.00 0.12
A 20 98.00 0.09
A 10 100.00 0.00
A 0 59.66 0.07
A -10 56.00 0.00
A -20 52.00 0.00
A -30 52.00 0.00
A -40 56.00 0.00
A -50 86.00 0.00
A -60 86.00 0.00
A -70 86.00 0.00
M 2
A -70 84.00 0.00
A -60 84.00 0.00
A -50 59.00 0.40
A -40 50.00 0.12
A -30 50.00 0.00
A -20 50.00 0.00
A -10 50.00 0.00
A 0 54.00 0.20
A 10 61.00 0.32
A 20 95.03 0.17
A 30 98.00 0.20
A 40 32.00 0.00
A 50 32.00 0.00
A 60 32.00 0.00
A 70 32.00 0.00
M 2
A 70 30.00 0.00
A 60 26.00 0.14
A 50 28.00 0.00
A 40 91.52 0.20
A 30 94.00 0.08
A 20 92.00 0.00
A 10 92.00 0.20
A 0 52.00 0.00
A -10 48.00 0.00
A -20 47.86 0.00
A -30 46.00 0.20
A -40 48.83 0.20
A -50 85.69 0.06
A -60 84.00 0.00
A -70 84.00 0.00
M 2
A -70 84.00 0.00
A -60 84.00 0.00
A -50 85.00 0.20
A -40 46.00 0.00
A -30 42.00 0.00
A -20 42.00 0.06
A -10 45.93 0.01
A 0 88.00 0.00
A 10 88.00 0.00
A 20 87.72 0.20
A 30 86.00 0.00
A 40 92.00 0.08
A 50 26.00 0.00
A 60 26.00 0.20
A 70 24.00 0.00
T 40
A 70 102.00 0.00
A 60 38.00 0.20
A 50 26.00 0.00
A 40 27.03 0.10
A 30 26.00 0.00
A 20 26.00 0.00
A 10 28.00 0.00
A 0 26.00 0.00
A -10 91.93 0.20
A -20 86.00 0.17
A -30 86.00 0.09
A -40 88.55 0.20
A -50 46.03 0.05
A -60 44.00 0.04
A -70 44.00 0.00
M 2
A -70 54.00 0.00
A -60 113.79 2.40
A -50 90.00 0.01
A -40 85.00 0.20
A -30 84.00 0.00
A -20 84.00 0.00
A -10 82.00 0.00
A 0 82.00 0.00
A 10 24.14 0.00
A 20 18.66 0.20
A 30 18.00 0.00
A 40 20.00 0.00
A 50 24.00 0.00
A 60 31.00 0.20
A 70 110.00 0.20
T -60
A 70 26.00 0.00
A 60 24.00 0.39
A 50 84.00 0.20
A 40 82.00 0.06
A 30 84.00 0.00
A 20 84.00 0.00
A 10 48.00 0.00
A 0 44.00 0.00
A -10 40.00 0.20
A -20 40.00 0.00
A -30 42.00 0.00
A -40 84.00 0.00
A -50 84.00 0.15
A -60 86.00 0.00
A -70 72.00 0.07
T -60
A -70 64.00 0.15
A -60 62.00 0.06
A -50 60.00 0.00
A -40 60.00 0.00
A -30 62.00 0.02
A -20 66.00 0.10
A -10 68.00 0.20
A 0 84.00 0.00
A 10 84.00 0.00
A 20 84.83 0.20
A 30 48.00 0.20
A 40 44.00 0.00
A 50 42.00 0.00
A 60 44.00 0.20
A 70 86.00 2.00
M 2
A 70 42.00 0.02
A 60 18.00 0.13
A 50 40.00 0.00
A 40 41.00 0.20
A 30 44.69 0.20
A 20 80.00 0.00
A 10 80.00 0.00
A 0 80.00 0.00
A -10 68.00 0.00
A -20 64.00 0.03
A -30 60.00 0.00
A -40 58.00 0.00
A -50 58.00 0.00
A -60 58.00 0.00
A -70 60.00 0.00
T 0
A -70 60.00 0.00
A -60 58.00 0.00
A -50 58.00 0.00
A -40 58.00 0.00
A -30 60.00 0.03
A -20 64.00 0.04
A -10 68.00 0.00
A 0 80.00 0.00
A 10 80.00 0.00
A 20 80.00 0.00
A 30 44.69 0.20
A 40 42.00 0.20
A 50 40.00 0.00
A 60 40.00 0.27
A 70 42.00 0.20
M 2
A 70 36.00 0.08
A 60 34.00 1.80
A 50 35.93 0.01
A 40 36.00 0.00
A 30 44.00 0.00
A 20 78.00 0.02
A 10 76.00 0.00
A 0 76.00 0.00
A -10 78.00 0.00
A -20 60.00 0.20
A -30 58.00 0.08
A -40 54.66 0.20
A -50 56.00 0.01
A -60 56.00 0.00
A -70 58.00 0.00
M 2
A -70 55.52 0.20
A -60 54.00 0.00
A -50 52.00 0.00
A -40 54.00 0.00
A -30 56.00 0.01
A -20 58.00 0.20
A -10 59.66 0.20
A 0 68.00 0.00
A 10 74.00 0.00
A 20 74.00 0.03
A 30 74.00 0.00
A 40 38.00 0.00
A 50 32.00 0.08
A 60 32.00 0.00
A 70 34.00 0.00
M 2
A 70 30.00 0.00
A 60 18.10 1.20
A 50 32.00 0.00
A 40 83.66 0.20
A 30 72.00 0.00
A 20 70.00 0.00
A 10 76.00 0.00
A 0 72.00 0.00
A -10 62.00 0.08
A -20 56.00 0.20
A -30 50.00 0.00
A -40 50.00 0.00
A -50 50.00 0.00
A -60 50.00 0.14
A -70 52.00 0.17
T 40
A -70 52.00 0.00
A -60 54.00 0.00
A -50 58.00 0.20
A -40 69.52 0.20
A -30 68.00 0.17
A -20 71.38 0.07
A -10 75.86 0.20
A 0 82.79 0.16
A 10 32.00 0.00
A 20 30.00 0.20
A 30 28.00 0.20
A 40 32.00 0.00
A 50 36.83 0.20
A 60 88.00 0.26
A 70 94.00 0.60
M 2
A 70 88.00 0.06
A 60 86.00 6.66
A 50 134.00 2.23
A 40 24.00 0.20
A 30 24.00 0.00
A 20 25.17 0.19
A 10 26.97 0.10
A 0 38.00 0.00
A -10 105.41 3.13
A -20 68.00 0.00
A -30 66.00 0.00
A -40 65.52 0.15
A -50 66.00 0.05
A -60 68.00 0.00
A -70 58.00 0.00
T 50
A -70 68.00 0.00
A -60 80.00 0.00
A -50 82.00 0.00
A -40 27.03 0.10
A -30 24.00 0.00
A -20 24.00 0.00
A -10 26.45 0.20
A 0 36.00 0.11
A 10 84.00 0.00
A 20 84.00 0.00
A 30 84.00 0.00
A 40 90.83 0.40
A 50 92.97 0.60
A 60 41.00 0.20
A 70 40.00 0.00
T 50
A 70 102.00 0.00
A 60 104.00 8.61
A 50 106.00 0.21
A 40 40.00 0.01
A 30 40.00 0.00
A 20 38.00 0.00
A 10 42.00 0.00
A 0 88.00 1.60
A -10 92.00 0.00
A -20 85.03 0.00
A -30 84.00 0.00
A -40 84.00 0.00
A -50 33.90 5.02
A -60 26.00 0.00
A -70 28.00 0.00
M 2
A -70 26.00 0.00
A -60 31.79 0.07
A -50 32.00 0.20
A -40 80.00 0.11
A -30 80.00 0.17
A -20 80.00 0.17
A -10 84.00 0.00
A 0 88.00 0.20
A 10 35.86 0.01
A 20 34.00 0.00
A 30 32.00 0.00
A 40 34.00 0.00
A 50 40.00 0.17
A 60 117.00 0.94
A 70 104.00 0.00
M 2
A 70 106.00 0.00
A 60 108.00 9.60
A 50 34.34 0.03
A 40 32.00 0.00
A 30 30.00 0.00
A 20 30.00 0.00
A 10 36.00 0.00
A 0 84.00 0.00
A -10 80.00 0.00
A -20 78.00 0.12
A -30 78.00 0.00
A -40 78.00 0.20
A -50 78.00 0.00
A -60 34.00 0.00
A -70 26.00 0.10
M 2
A -70 30.00 0.00
A -60 31.31 0.07
A -50 74.00 0.09
A -40 74.00 0.00
A -30 72.00 0.18
A -20 74.00 0.00
A -10 76.00 0.00
A 0 80.00 0.00
A 10 26.79 0.16
A 20 26.00 0.00
A 30 26.00 0.01
A 40 24.00 0.00
A 50 35.00 0.22
A 60 45.83 0.06
A 70 107.72 0.20
T 70
A 70 77.14 0.20
A 60 76.00 0.20
A 50 100.00 0.00
A 40 100.00 0.03
A 30 100.00 0.00
A 20 100.00 0.00
A 10 102.00 0.08
A 0 108.00 0.00
A -10 46.00 0.29
A -20 28.55 0.00
A -30 26.72 0.16
A -40 28.00 0.00
A -50 28.00 0.00
A -60 30.00 0.00
A -70 82.00 0.08
M 2
A -70 28.00 0.00
A -60 26.00 0.00
A -50 24.00 0.00
A -40 25.52 0.05
A -30 24.00 0.00
A -20 109.76 0.05
A -10 112.00 0.00
A 0 103.79 0.20
A 10 102.00 0.08
A 20 98.00 0.00
A 30 96.00 0.10
A 40 96.41 0.12
A 50 96.00 0.00
A 60 84.00 0.20
A 70 73.66 0.20
T -10
A 70 80.00 0.15
A 60 90.00 7.60
A 50 96.00 0.00
A 40 96.00 0.00
A 30 98.00 0.00
A 20 100.62 0.07
A 10 108.00 0.06
A 0 106.00 0.20
A -10 26.00 0.00
A -20 26.00 0.10
A -30 24.00 0.04
A -40 22.24 0.08
A -50 24.00 0.00
A -60 33.21 0.40
A -70 78.00 0.00
T 10
A -70 26.00 0.00
A -60 26.00 0.00
A -50 24.00 0.00
A -40 24.00 0.00
A -30 24.41 0.10
A -20 109.00 8.20
A -10 112.00 0.20
A 0 104.00 0.00
A 10 102.00 0.00
A 20 98.00 0.00
A 30 96.97 0.20
A 40 96.00 0.10
A 50 97.00 0.20
A 60 82.00 0.40
A 70 69.00 5.03
T -10
A 70 80.00 0.00
A 60 87.00 2.00
A 50 96.00 0.00
A 40 96.00 0.20
A 30 98.00 0.00
A 20 100.00 0.00
A 10 108.00 0.20
A 0 106.00 0.00
A -10 26.00 0.00
A -20 28.00 0.20
A -30 23.72 0.08
A -40 22.00 0.00
A -50 23.93 0.20
A -60 31.00 0.20
A -70 78.00 0.00
T 10
A -70 26.00 0.00
A -60 26.00 0.00
A -50 24.00 0.00
A -40 24.00 0.14
A -30 24.00 0.00
A -20 111.79 0.25
A -10 111.86 0.20
A 0 104.00 0.00
A 10 102.00 0.20
A 20 98.00 0.00
A 30 98.00 0.05
A 40 96.00 0.00
A 50 96.00 0.00
A 60 82.93 0.20
A 70 73.00 0.20
T 43
A 70 66.00 0.05
A 60 64.00 4.60
A 50 64.00 0.00
A 40 66.00 0.00
A 30 74.00 0.06
A 20 80.00 0.18
A 10 96.00 0.00
A 0 96.00 0.00
A -10 95.93 0.20
A -20 97.00 0.20
A -30 98.00 0.00
A -40 104.00 0.15
A -50 108.00 0.00
A -60 44.00 0.00
A -70 28.00 0.04
M 2
A -70 30.00 0.00
A -60 38.00 0.16
A -50 99.03 0.23
A -40 96.00 0.00
A -30 94.83 0.00
A -20 92.00 0.00
A -10 92.00 0.00
A 0 92.00 0.00
A 10 92.00 0.00
A 20 86.31 0.52
A 30 66.00 0.10
A 40 62.00 0.00
A 50 62.00 0.00
A 60 60.00 0.20
A 70 63.00 0.20
M 2
A 70 60.00 0.00
A 60 58.00 0.17
A 50 60.00 0.00
A 40 62.00 0.01
A 30 65.00 0.10
A 20 90.00 0.00
A 10 88.00 0.00
A 0 88.00 0.00
A -10 88.00 0.00
A -20 88.00 0.00
A -30 90.00 0.14
A -40 94.00 0.40
A -50 94.00 0.14
A -60 90.93 0.40
A -70 30.00 0.08
M 2
A -70 46.00 0.01
A -60 100.00 0.15
A -50 100.00 0.20
A -40 92.00 0.00
A -30 86.55 0.14
A -20 85.00 0.06
A -10 84.00 0.00
A 0 84.00 0.00
A 10 84.00 0.00
A 20 84.00 0.18
A 30 64.00 0.15
A 40 58.00 0.10
A 50 58.00 0.00
A 60 58.00 0.20
A 70 58.00 0.00
M 2
A 70 56.00 0.00
A 60 54.00 3.60
A 50 54.00 0.00
A 40 57.66 0.20
A 30 84.00 0.00
A 20 80.00 0.00
A 10 80.00 0.00
A 0 80.00 0.06
A -10 80.00 0.00
A -20 82.00 0.00
A -30 85.24 0.20
A -40 88.00 0.12
A -50 100.00 0.03
A -60 62.00 0.40
A -70 42.00 0.00
M 2
A -70 98.00 0.00
A -60 98.00 0.00
A -50 96.00 0.12
A -40 93.00 0.19
A -30 100.00 0.00
A -20 86.00 0.00
A -10 78.00 0.06
A 0 76.69 0.20
A 10 78.00 0.00
A 20 68.00 0.41
A 30 57.00 0.20
A 40 54.69 0.20
A 50 52.00 0.00
A 60 52.00 0.00
A 70 52.00 0.00
M 2
A 70 50.00 0.00
A 60 50.00 0.00
A 50 50.00 0.00
A 40 52.00 0.17
A 30 56.00 0.00
A 20 75.31 0.07
A 10 76.00 0.00
A 0 77.00 0.16
A -10 72.00 0.00
A -20 76.00 0.00
A -30 82.00 0.00
A -40 94.00 0.00
A -50 94.00 0.00
A -60 94.00 0.01
A -70 96.00 0.20
M 2
A -70 94.72 0.20
A -60 97.00 0.20
A -50 94.00 0.14
A -40 92.00 0.04
A -30 72.00 0.08
A -20 70.00 0.03
A -10 68.00 0.00
A 0 68.00 0.00
A 10 70.00 0.00
A 20 68.00 0.06
A 30 70.00 0.00
A 40 52.00 0.00
A 50 48.00 0.19
A 60 48.00 0.00
A 70 48.00 0.00
M 2
A 70 48.00 0.06
A 60 46.00 0.00
A 50 48.00 0.00
A 40 68.00 0.00
A 30 68.00 0.15
A 20 66.00 0.00
A 10 64.00 0.00
A 0 64.00 0.00
A -10 64.00 0.00
A -20 65.72 0.20
A -30 66.00 0.00
A -40 72.00 0.18
A -50 86.00 0.20
A -60 91.72 0.20
A -70 66.00 0.20
M 2
A -70 86.00 0.00
A -60 84.00 0.14
A -50 80.00 0.20
A -40 70.00 0.20
A -30 64.00 0.01
A -20 61.24 0.12
A -10 60.00 0.00
A 0 60.00 0.00
A 10 60.00 0.00
A 20 60.00 0.20
A 30 62.00 0.08
A 40 56.00 0.20
A 50 46.00 0.00
A 60 44.00 0.00
A 70 44.00 0.00
M 2
A 70 43.31 0.20
A 60 43.66 2.60
A 50 44.00 0.00
A 40 68.00 0.00
A 30 60.00 0.03
A 20 58.00 0.20
A 10 58.00 0.20
A 0 56.00 0.00
A -10 56.00 0.00
A -20 57.76 0.20
A -30 60.00 0.00
A -40 70.00 0.20
A -50 78.00 0.00
A -60 78.00 0.00
A -70 82.00 0.20
M 2
A -70 92.00 0.00
A -60 88.00 0.00
A -50 83.00 0.23
A -40 65.52 0.14
A -30 58.00 0.17
A -20 54.00 0.00
A -10 52.00 0.00
A 0 52.00 0.00
A 10 52.00 0.00
A 20 53.00 0.05
A 30 62.00 0.00
A 40 58.24 0.00
A 50 42.00 0.20
A 60 40.55 0.00
A 70 40.00 0.00
M 2
A 70 38.00 0.00
A 60 38.00 0.00
A 50 42.00 0.00
A 40 58.00 0.00
A 30 54.00 0.00
A 20 50.00 0.01
A 10 48.00 0.00
A 0 48.00 0.00
A -10 48.00 0.00
A -20 50.00 0.01
A -30 57.90 0.03
A -40 64.00 0.00
A -50 65.90 0.20
A -60 70.00 0.05
A -70 87.72 0.06
M 2
A -70 88.00 0.00
A -60 68.00 0.00
A -50 63.72 0.20
A -40 58.00 0.28
A -30 46.97 0.20
A -20 44.00 0.00
A -10 44.00 0.20
A 0 44.00 0.00
A 10 44.00 0.00
A 20 46.00 0.09
A 30 49.97 0.01
A 40 56.00 0.00
A 50 41.38 0.17
A 60 38.00 0.00
A 70 38.00 0.00
M 2
A 70 36.00 0.08
A 60 18.24 1.80
A 50 40.00 0.00
A 40 52.00 0.01
A 30 50.00 0.00
A 20 42.00 0.00
A 10 40.00 0.00
A 0 40.00 0.08
A -10 40.00 0.01
A -20 40.00 0.00
A -30 44.00 0.20
A -40 56.00 0.00
A -50 56.90 0.20
A -60 90.00 0.00
A -70 85.97 0.20
T -60
A -70 56.00 0.00
A -60 54.00 0.00
A -50 56.00 0.00
A -40 56.00 0.19
A -30 63.66 0.40
A -20 80.00 0.20
A -10 90.00 0.00
A 0 62.00 0.20
A 10 60.76 0.17
A 20 48.00 0.01
A 30 44.00 0.00
A 40 42.00 0.00
A 50 40.00 0.00
A 60 40.00 0.00
A 70 42.00 0.00
M 2
A 70 40.00 0.00
A 60 38.62 0.06
A 50 38.00 0.00
A 40 40.00 0.00
A 30 42.00 0.00
A 20 52.00 0.00
A 10 59.79 0.06
A 0 61.62 0.20
A -10 80.00 0.00
A -20 68.00 0.00
A -30 80.00 0.00
A -40 56.00 0.20
A -50 54.00 0.00
A -60 52.00 0.00
A -70 54.00 0.01
M 2
A -70 52.00 0.00
A -60 52.00 0.00
A -50 52.00 0.00
A -40 54.00 0.17
A -30 59.86 0.20
A -20 72.00 0.00
A -10 74.00 0.20
A 0 60.00 0.00
A 10 56.00 0.00
A 20 53.00 0.20
A 30 41.10 0.20
A 40 38.00 0.00
A 50 36.76 0.10
A 60 36.00 0.00
A 70 38.00 0.00
M 2
A 70 34.00 0.00
A 60 25.10 1.58
A 50 34.90 0.09
A 40 35.86 0.00
A 30 36.41 0.11
A 20 48.00 0.20
A 10 48.00 0.20
A 0 54.00 0.20
A -10 63.00 0.20
A -20 68.00 0.20
A -30 73.41 0.40
A -40 54.00 0.02
A -50 52.00 0.00
A -60 50.59 0.14
A -70 51.45 0.20
T -30
A -70 57.59 0.20
A -60 52.00 0.14
A -50 50.00 0.14
A -40 50.00 0.00
A -30 50.00 0.00
A -20 50.00 0.00
A -10 54.00 0.00
A 0 58.00 0.00
A 10 72.00 0.00
A 20 66.00 0.00
A 30 58.00 0.00
A 40 56.00 0.20
A 50 44.00 0.01
A 60 44.00 0.00
A 70 36.00 0.00
M 2
A 70 35.86 0.01
A 60 26.00 1.80
A 50 56.00 0.00
A 40 58.00 0.00
A 30 58.48 0.12
A 20 66.00 0.20
A 10 73.97 0.20
A 0 61.24 0.12
A -10 64.00 0.00
A -20 48.00 0.00
A -30 48.00 0.00
A -40 47.93 0.01
A -50 48.00 0.06
A -60 50.00 0.12
A -70 53.93 0.20
M 2
A -70 54.00 0.03
A -60 55.00 0.20
A -50 45.59 0.20
A -40 44.00 0.00
A -30 44.00 0.00
A -20 46.00 0.20
A -10 58.00 0.13
A 0 64.00 0.08
A 10 68.00 0.00
A 20 72.00 0.00
A 30 64.00 0.00
A 40 70.00 0.00
A 50 38.00 0.12
A 60 36.00 0.11
A 70 34.17 0.03
M 2
A 70 34.00 0.00
A 60 25.00 1.60
A 50 36.00 0.00
A 40 44.00 0.00
A 30 68.00 0.20
A 20 64.00 0.00
A 10 62.00 0.00
A 0 65.76 0.14
A -10 46.00 0.00
A -20 42.00 0.08
A -30 42.00 0.00
A -40 40.00 0.00
A -50 42.00 0.00
A -60 44.00 0.00
A -70 48.00 0.00
T 30
A -70 42.00 0.00
A -60 42.00 0.00
A -50 44.00 0.20
A -40 46.00 0.00
A -30 53.97 0.20
A -20 64.00 0.06
A -10 64.00 0.00
A 0 46.00 0.00
A 10 48.00 0.17
A 20 34.00 0.00
A 30 34.00 0.00
A 40 32.00 0.18
A 50 30.45 0.00
A 60 30.00 0.00
A 70 34.00 0.00
M 2
A 70 31.72 0.04
A 60 18.59 0.98
A 50 28.00 0.06
A 40 28.00 0.00
A 30 32.00 0.00
A 20 35.86 0.01
A 10 42.00 0.06
A 0 48.69 0.20
A -10 64.00 0.00
A -20 57.48 0.20
A -30 58.00 0.00
A -40 56.00 0.18
A -50 44.00 0.00
A -60 42.00 0.00
A -70 40.00 0.12
T -10
A -70 40.00 0.12
A -60 40.00 0.00
A -50 40.00 0.00
A -40 42.00 0.20
A -30 52.00 0.20
A -20 58.00 0.00
A -10 58.00 0.00
A 0 60.00 0.00
A 10 48.00 0.00
A 20 44.00 0.04
A 30 36.00 0.00
A 40 30.00 0.00
A 50 30.00 0.00
A 60 30.00 0.00
A 70 30.00 0.00
M 2
A 70 28.55 0.06
A 60 26.00 0.80
A 50 26.00 0.00
A 40 29.66 0.17
A 30 52.00 0.03
A 20 42.00 0.00
A 10 58.00 0.00
A 0 48.00 0.00
A -10 52.00 0.00
A -20 50.00 0.06
A -30 44.69 0.15
A -40 42.00 0.00
A -50 38.00 0.00
A -60 38.00 0.00
A -70 40.00 0.04
M 2
A -70 38.00 0.00
A -60 38.00 0.00
A -50 38.00 0.00
A -40 38.00 0.00
A -30 52.00 0.00
A -20 52.00 0.00
A -10 54.00 0.00
A 0 50.00 0.00
A 10 46.00 0.00
A 20 36.00 0.20
A 30 27.59 0.20
A 40 26.00 0.00
A 50 26.00 0.10
A 60 26.00 0.00
A 70 26.00 0.00
M 2
A 70 24.00 0.00
A 60 19.00 0.20
A 50 22.00 0.00
A 40 24.00 0.00
A 30 28.00 0.00
A 20 32.00 0.00
A 10 42.00 0.20
A 0 44.97 0.20
A -10 48.00 0.00
A -20 46.00 0.00
A -30 53.72 0.20
A -40 52.00 0.00
A -50 36.00 0.04
A -60 36.00 0.20
A -70 36.76 0.20
T -30
A -70 46.45 0.10
A -60 40.00 0.00
A -50 36.00 0.20
A -40 36.00 0.00
A -30 36.28 0.11
A -20 36.00 0.04
A -10 40.00 0.04
A 0 50.00 0.00
A 10 48.55 0.20
A 20 51.72 0.20
A 30 48.00 0.19
A 40 48.00 0.14
A 50 33.79 0.18
A 60 26.00 0.05
A 70 26.00 0.00
M 2
A 70 23.79 0.20
A 60 18.00 0.40
A 50 29.52 0.18
A 40 36.00 0.00
A 30 36.00 0.20
A 20 48.00 0.07
A 10 44.00 0.00
A 0 46.00 0.00
A -10 35.31 0.13
A -20 34.00 0.08
A -30 32.00 0.00
A -40 32.00 0.00
A -50 33.79 0.18
A -60 37.83 0.05
A -70 58.00 0.00
T -70
A -70 86.45 0.20
A -60 156.14 0.20
A -50 114.00 0.00
A -40 112.00 0.06
A -30 66.00 0.08
A -20 60.00 0.20
A -10 56.90 0.20
A 0 56.34 0.20
A 10 32.00 0.00
A 20 32.00 0.00
A 30 32.00 0.00
A 40 32.00 0.14
A 50 32.00 0.20
A 60 39.93 0.20
A 70 46.00 0.00
M 2
A 70 40.90 0.20
A 60 18.52 1.60
A 50 30.00 0.20
A 40 30.00 0.05
A 30 28.00 0.00
A 20 30.00 0.00
A 10 30.00 0.00
A 0 35.00 0.17
A -10 50.00 0.00
A -20 87.00 4.40
A -30 108.00 0.00
A -40 108.00 0.00
A -50 108.00 0.11
A -60 112.00 0.00
A -70 87.00 0.60
T -60
A -70 64.00 0.00
A -60 78.00 0.00
A -50 75.93 0.11
A -40 74.00 0.00
A -30 76.00 0.00
A -20 78.00 0.00
A -10 152.62 0.20
A 0 152.00 0.20
A 10 110.00 0.08
A 20 108.00 0.04
A 30 108.00 0.00
A 40 56.62 0.20
A 50 38.31 0.00
A 60 36.00 0.20
A 70 30.00 0.00
M 2
A 70 30.00 0.00
A 60 18.00 0.00
A 50 42.00 0.00
A 40 52.55 0.20
A 30 104.00 0.00
A 20 104.00 0.00
A 10 104.00 0.00
A 0 127.00 4.01
A -10 120.00 0.40
A -20 78.00 0.00
A -30 74.00 0.20
A -40 72.00 0.08
A -50 72.00 0.00
A -60 74.00 0.00
A -70 66.00 0.00
T -10
A -70 62.38 0.13
A -60 66.00 0.00
A -50 72.00 0.00
A -40 72.00 0.00
A -30 72.00 0.00
A -20 74.00 0.00
A -10 78.28 0.20
A 0 88.07 0.26
A 10 110.00 0.00
A 20 106.00 0.00
A 30 104.00 0.00
A 40 104.00 0.15
A 50 52.00 0.00
A 60 44.00 0.20
A 70 44.07 0.08
M 2
A 70 44.00 0.00
A 60 44.00 0.20
A 50 104.00 0.20
A 40 100.00 0.38
A 30 100.00 0.00
A 20 100.00 0.20
A 10 104.00 0.00
A 0 108.00 0.23
A -10 88.00 0.20
A -20 88.00 0.01
A -30 75.00 0.20
A -40 70.00 0.00
A -50 70.00 0.00
A -60 72.00 0.14
A -70 103.00 3.16
M 2
A -70 88.00 0.00
A -60 74.00 0.20
A -50 72.00 0.08
A -40 70.00 0.00
A -30 82.72 0.60
A -20 88.00 0.00
A -10 91.31 0.26
A 0 141.00 0.20
A 10 102.00 0.00
A 20 98.00 0.00
A 30 97.76 0.20
A 40 96.00 0.20
A 50 49.00 0.40
A 60 44.00 0.00
A 70 44.00 0.04
M 2
A 70 40.00 0.00
A 60 42.00 2.79
A 50 54.00 4.20
A 40 92.00 0.14
A 30 92.00 0.20
A 20 94.00 0.09
A 10 100.00 0.20
A 0 132.00 0.20
A -10 78.00 0.09
A -20 68.00 0.00
A -30 65.97 0.20
A -40 64.00 0.00
A -50 65.52 0.03
A -60 68.00 0.00
A -70 108.00 0.20
M 2
A -70 60.00 0.00
A -60 63.59 0.20
A -50 62.21 0.02
A -40 62.00 0.00
A -30 62.72 0.20
A -20 66.00 0.05
A -10 136.00 0.26
A 0 128.00 0.34
A 10 130.86 0.40
A 20 92.00 0.20
A 30 90.00 0.00
A 40 90.00 0.00
A 50 90.00 0.03
A 60 44.00 0.00
A 70 44.00 0.01
M 2
A 70 42.00 0.00
A 60 18.00 0.05
A 50 88.00 0.00
A 40 86.00 0.09
A 30 86.00 0.16
A 20 90.00 0.03
A 10 96.00 0.40
A 0 122.21 0.20
A -10 76.00 0.40
A -20 64.00 0.10
A -30 60.00 0.00
A -40 59.72 0.03
A -50 58.00 0.17
A -60 60.00 0.00
A -70 60.62 0.17
T 0
A -70 61.79 0.20
A -60 60.00 0.00
A -50 59.00 0.20
A -40 59.86 0.20
A -30 60.00 0.00
A -20 62.00 0.20
A -10 76.00 0.00
A 0 122.00 0.00
A 10 94.17 0.00
A 20 91.59 0.20
A 30 88.00 0.20
A 40 86.00 0.00
A 50 88.00 0.00
A 60 42.00 0.02
A 70 42.00 0.00
M 2
A 70 40.00 0.00
A 60 43.00 2.55
A 50 84.00 3.55
A 40 84.00 0.00
A 30 84.00 0.20
A 20 89.00 0.25
A 10 118.00 0.20
A 0 114.00 0.08
A -10 90.45 0.57
A -20 64.00 0.00
A -30 58.00 0.00
A -40 56.00 0.00
A -50 56.00 0.00
A -60 56.00 0.17
A -70 60.00 0.00
M 2
A -70 56.00 0.17
A -60 54.00 0.09
A -50 54.00 0.00
A -40 54.00 0.00
A -30 56.00 0.00
A -20 59.66 0.20
A -10 112.00 0.03
A 0 112.00 0.00
A 10 112.00 0.00
A 20 91.86 0.20
A 30 84.00 0.00
A 40 82.00 0.20
A 50 82.59 0.20
A 60 44.00 0.00
A 70 39.86 0.04
M 2
A 70 40.00 0.00
A 60 18.00 2.80
A 50 78.00 0.00
A 40 78.00 0.20
A 30 78.00 0.00
A 20 80.00 0.17
A 10 112.00 0.03
A 0 106.00 0.20
A -10 104.00 0.00
A -20 62.48 0.20
A -30 54.90 0.00
A -40 52.00 0.10
A -50 52.00 0.00
A -60 52.00 0.00
A -70 52.00 0.19
T 10
A -70 53.00 0.20
A -60 52.00 0.00
A -50 52.00 0.00
A -40 54.00 0.00
A -30 104.00 0.32
A -20 105.00 0.25
A -10 107.03 0.20
A 0 116.00 0.00
A 10 82.00 3.40
A 20 78.00 0.10
A 30 78.48 0.07
A 40 78.00 0.00
A 50 50.45 2.23
A 60 40.83 0.20
A 70 39.59 0.00
M 2
A 70 40.00 0.00
A 60 41.00 2.47
A 50 75.31 0.20
A 40 72.00 0.00
A 30 72.00 0.00
A 20 72.00 0.00
A 10 74.00 0.00
A 0 110.00 0.30
A -10 114.00 0.20
A -20 64.00 0.00
A -30 60.00 0.00
A -40 56.41 0.20
A -50 50.00 0.20
A -60 50.00 0.00
A -70 50.00 0.00
M 2
A -70 50.00 0.00
A -60 49.00 0.20
A -50 49.59 0.20
A -40 52.00 0.00
A -30 118.00 5.63
A -20 108.76 0.20
A -10 101.66 0.18
A 0 78.00 0.20
A 10 72.00 0.00
A 20 68.00 0.20
A 30 68.55 0.06
A 40 68.00 0.00
A 50 70.00 0.00
A 60 74.00 0.09
A 70 42.00 0.00
M 2
A 70 46.00 0.20
A 60 18.00 5.20
A 50 66.00 0.00
A 40 64.00 0.00
A 30 64.00 0.00
A 20 66.00 0.00
A 10 70.00 0.20
A 0 125.00 4.48
A -10 100.00 0.00
A -20 68.00 0.30
A -30 60.00 0.12
A -40 58.00 0.00
A -50 50.00 0.00
A -60 48.00 0.00
A -70 48.00 0.00
T -10
A -70 50.00 0.00
A -60 48.00 0.00
A -50 48.00 0.00
A -40 49.83 0.20
A -30 60.00 0.00
A -20 60.00 0.20
A -10 66.38 0.40
A 0 98.86 0.20
A 10 149.00 0.20
A 20 70.00 0.00
A 30 66.00 0.00
A 40 64.00 0.08
A 50 64.00 0.00
A 60 65.00 0.20
A 70 70.00 0.36
M 2
A 70 70.00 0.20
A 60 64.00 4.55
A 50 62.00 0.00
A 40 62.00 0.08
A 30 63.86 0.20
A 20 66.00 0.20
A 10 94.00 0.00
A 0 91.86 0.03
A -10 102.00 0.02
A -20 58.59 0.13
A -30 57.86 0.20
A -40 46.00 0.20
A -50 46.00 0.00
A -60 46.00 0.00
A -70 46.79 0.20
M 2
A -70 44.00 0.00
A -60 44.00 0.00
A -50 44.00 0.00
A -40 45.24 0.20
A -30 52.00 0.00
A -20 56.00 0.18
A -10 84.00 0.15
A 0 87.00 0.08
A 10 88.00 0.08
A 20 94.90 0.00
A 30 62.00 0.03
A 40 60.00 0.00
A 50 60.00 0.00
A 60 60.00 0.00
A 70 67.52 0.25
M 2
A 70 65.90 0.20
A 60 60.00 0.20
A 50 58.00 0.00
A 40 58.00 0.00
A 30 137.00 3.68
A 20 92.00 0.00
A 10 89.00 0.16
A 0 84.00 0.00
A -10 82.00 0.00
A -20 83.00 0.20
A -30 49.28 0.40
A -40 44.00 0.00
A -50 42.00 0.02
A -60 42.00 0.00
A -70 43.59 0.20
M 2
A -70 42.00 0.00
A -60 40.00 0.00
A -50 40.00 0.07
A -40 42.00 0.00
A -30 45.93 0.00
A -20 78.66 0.00
A -10 81.10 0.12
A 0 88.00 0.11
A 10 86.00 0.00
A 20 84.00 0.40
A 30 67.79 0.20
A 40 64.00 0.00
A 50 56.00 0.20
A 60 108.00 4.80
A 70 106.00 0.00
M 2
A 70 58.00 0.03
A 60 18.00 3.40
A 50 103.00 4.80
A 40 98.00 0.00
A 30 96.00 0.00
A 20 84.00 0.11
A 10 80.00 0.20
A 0 76.83 0.20
A -10 75.00 0.11
A -20 48.00 0.00
A -30 44.00 0.00
A -40 51.72 0.80
A -50 40.00 0.00
A -60 38.00 0.20
A -70 38.00 0.00
T 50
A -70 48.00 0.00
A -60 62.00 0.40
A -50 78.00 0.00
A -40 130.72 5.00
A -30 82.00 0.00
A -20 82.17 0.20
A -10 52.00 0.00
A 0 50.00 0.00
A 10 50.00 0.00
A 20 52.00 0.12
A 30 56.00 0.20
A 40 104.00 0.00
A 50 60.34 0.60
A 60 46.00 0.00
A 70 45.93 0.20
M 2
A 70 44.00 0.00
A 60 44.00 2.60
A 50 102.00 0.00
A 40 100.00 0.06
A 30 50.00 0.00
A 20 46.00 0.00
A 10 46.00 0.00
A 0 46.00 0.00
A -10 46.00 0.00
A -20 51.59 0.20
A -30 80.00 0.20
A -40 74.00 0.00
A -50 73.79 0.08
A -60 72.00 0.00
A -70 94.10 2.92
M 2
A -70 70.00 0.00
A -60 70.00 0.00
A -50 70.00 0.00
A -40 72.00 0.07
A -30 76.62 0.20
A -20 54.00 0.10
A -10 44.00 0.00
A 0 44.00 0.14
A 10 42.00 0.00
A 20 42.00 0.08
A 30 98.00 0.20
A 40 98.00 0.00
A 50 98.00 0.00
A 60 44.00 0.14
A 70 44.00 0.04
M 2
A 70 44.00 0.00
A 60 45.00 2.88
A 50 98.00 0.00
A 40 96.00 0.00
A 30 43.38 0.20
A 20 38.00 0.20
A 10 37.83 0.20
A 0 37.83 0.03
A -10 38.00 0.00
A -20 47.59 0.06
A -30 72.00 0.00
A -40 70.00 0.00
A -50 68.00 0.00
A -60 73.69 0.20
A -70 70.00 0.00
M 2
A -70 68.00 0.00
A -60 68.48 0.11
A -50 69.10 0.09
A -40 71.59 0.07
A -30 80.00 0.00
A -20 86.00 0.17
A -10 34.34 0.00
A 0 32.00 0.00
A 10 32.00 0.00
A 20 34.00 0.00
A 30 38.31 0.06
A 40 92.00 0.00
A 50 92.00 0.01
A 60 100.00 0.00
A 70 44.00 0.00
M 2
A 70 44.00 0.14
A 60 18.00 2.80
A 50 90.00 0.09
A 40 90.00 0.00
A 30 30.00 0.00
A 20 30.00 0.08
A 10 30.00 0.05
A 0 29.52 0.20
A -10 32.00 0.00
A -20 32.69 0.06
A -30 72.00 0.20
A -40 68.00 0.20
A -50 66.31 0.16
A -60 66.00 0.00
A -70 68.00 0.00
T 40
A -70 126.00 0.16
A -60 40.00 0.00
A -50 30.00 0.00
A -40 28.00 0.00
A -30 28.00 0.00
A -20 28.00 0.20
A -10 40.00 0.19
A 0 88.00 0.00
A 10 88.00 0.10
A 20 90.00 0.41
A 30 81.00 2.80
A 40 42.00 0.00
A 50 40.00 0.00
A 60 42.00 0.00
A 70 44.00 0.10
M 2
A 70 40.00 0.00
A 60 38.00 2.00
A 50 38.00 0.00
A 40 96.21 0.20
A 30 90.00 0.20
A 20 84.55 0.20
A 10 84.00 0.00
A 0 84.00 0.00
A -10 84.00 0.00
A -20 28.00 0.00
A -30 28.00 0.00
A -40 28.00 0.00
A -50 28.00 0.00
A -60 30.00 0.00
A -70 82.00 0.02
M 2
A -70 74.00 0.00
A -60 28.00 0.00
A -50 22.00 0.05
A -40 22.00 0.00
A -30 23.38 0.20
A -20 28.00 0.00
A -10 26.00 0.16
A 0 78.00 0.00
A 10 80.00 0.00
A 20 80.00 0.00
A 30 82.00 0.00
A 40 89.03 0.20
A 50 40.00 0.20
A 60 38.00 0.00
A 70 39.17 0.00
T 40
A 70 104.00 0.20
A 60 18.10 8.60
A 50 119.66 0.20
A 40 40.00 0.00
A 30 36.00 0.00
A 20 35.31 0.00
A 10 38.00 0.00
A 0 44.00 0.00
A -10 90.00 0.00
A -20 80.00 0.12
A -30 80.00 0.00
A -40 80.00 0.20
A -50 36.00 0.00
A -60 26.72 0.20
A -70 24.00 0.00
T 50
A -70 84.00 0.00
A -60 84.00 0.00
A -50 44.97 0.20
A -40 38.00 0.00
A -30 34.00 0.00
A -20 36.00 0.00
A -10 38.00 0.00
A 0 44.00 0.20
A 10 118.00 0.00
A 20 102.00 2.04
A 30 101.72 0.18
A 40 100.00 0.00
A 50 100.00 0.20
A 60 99.86 0.03
A 70 84.00 0.20
M 2
A 70 73.90 0.06
A 60 18.00 7.80
A 50 96.97 0.20
A 40 98.00 0.00
A 30 98.00 0.00
A 20 102.00 0.20
A 10 114.66 0.13
A 0 76.00 0.01
A -10 34.34 0.03
A -20 32.90 0.19
A -30 32.00 0.00
A -40 32.00 0.00
A -50 34.00 0.00
A -60 84.00 0.20
A -70 82.00 0.00
T 10
A -70 84.00 0.00
A -60 34.00 0.03
A -50 32.00 0.03
A -40 32.00 0.00
A -30 32.00 0.00
A -20 38.03 0.04
A -10 116.41 0.08
A 0 106.00 0.25
A 10 100.00 0.00
A 20 99.72 0.00
A 30 98.00 0.06
A 40 96.00 0.00
A 50 96.00 0.04
A 60 96.00 0.20
A 70 64.00 0.00
M 2
A 70 78.00 0.00