A 40 46.00 0.00
A 50 46.00 0.20
A 60 16.00 2.68
A 70 48.00 0.00
M 2
A 70 24.00 0.00
A 60 17.00 0.20
A 50 44.00 0.00
A 40 50.00 0.80
A 30 36.28 1.35
A 20 68.79 0.80
A 10 61.62 0.08
A 0 58.00 0.00
A -10 58.00 0.02
A -20 56.00 0.07
A -30 57.83 0.10
A -40 58.00 0.00
A -50 86.00 3.88
A -60 24.00 0.00
A -70 24.00 0.15
T -50
A -70 92.00 0.20
A -60 21.34 0.40
A -50 18.00 0.00
A -40 18.52 0.20
A -30 20.00 0.00
A -20 24.00 0.00
A -10 24.00 0.00
A 0 62.00 0.03
A 10 58.00 0.00
A 20 56.00 0.20
A 30 56.00 0.07
A 40 57.48 0.20
A 50 58.00 0.20
A 60 62.00 2.00
A 70 78.00 0.06
T -70
A 70 60.00 0.00
A 60 16.00 0.20
A 50 20.00 0.00
A 40 20.00 0.12
A 30 18.00 0.00
A 20 20.00 0.00
A 10 24.00 0.00
A 0 24.00 0.00
A -10 92.00 0.00
A -20 94.00 0.40
A -30 90.00 0.09
RESET
A -70 32.14 0.40
A -60 38.00 0.20
A -50 86.00 0.01
A -40 90.00 0.00
A -30 90.69 0.00
A -20 94.00 0.00
A -10 92.00 0.00
A 0 24.00 0.00
A 10 24.00 0.00
A 20 20.00 0.00
A 30 18.00 0.00
A 40 20.00 0.00
A 50 22.00 0.14
A 60 30.52 0.20
A 70 60.00 0.20
T -20
A 70 28.00 0.11
A 60 16.00 0.20
A 50 19.86 0.03
A 40 18.00 0.00
A 30 18.00 0.00
A 20 92.00 0.20
A 10 92.00 0.00
A 0 91.45 0.14
A -10 88.00 0.00
A -20 88.00 0.00
A -30 97.00 0.20
A -40 40.00 0.00
A -50 30.00 0.00
A -60 30.00 0.00
A -70 28.00 0.00
T -30
A -70 34.00 0.01
A -60 28.00 0.10
A -50 28.55 0.20
A -40 28.00 0.00
A -30 28.00 0.00
A -20 32.00 0.00
A -10 82.00 4.00
A 0 40.14 0.20
A 10 88.00 0.00
A 20 88.00 0.00
A 30 91.00 0.20
A 40 92.00 0.00
A 50 24.00 0.00
A 60 24.00 0.00
A 70 20.00 0.14
T 40
A 70 64.48 0.15
A 60 17.45 0.00
A 50 20.00 0.00
A 40 22.00 0.00
A 30 22.00 0.00
A 20 20.00 0.15
A 10 98.00 0.08
A 0 92.00 0.03
A -10 92.00 0.00
A -20 88.00 0.00
A -30 90.00 0.00
A -40 86.00 0.00
A -50 35.93 0.01
A -60 32.41 0.08
A -70 30.00 0.00
T 10
A -70 32.00 0.00
A -60 34.00 0.00
A -50 84.00 0.00
A -40 90.00 0.01
A -30 89.93 0.20
A -20 94.00 0.00
A -10 92.00 0.00
A 0 26.00 0.00
A 10 24.00 0.00
A 20 18.00 0.10
A 30 18.00 0.00
A 40 20.00 0.00
A 50 24.00 0.00
A 60 30.00 0.00
A 70 60.00 0.12
T 43
A 70 58.00 0.14
A 60 18.21 4.00
A 50 58.00 0.00
A 40 58.00 0.00
A 30 60.00 0.07
A 20 30.00 0.00
A 10 20.00 0.00
A 0 24.00 0.00
A -10 18.00 0.00
A -20 16.00 0.00
A -30 20.00 0.00
A -40 22.00 0.08
A -50 42.48 5.20
A -60 92.00 0.00
A -70 90.00 0.00
T 43
A -70 24.00 0.00
A -60 22.00 0.00
A -50 24.00 0.20
A -40 20.28 0.20
A -30 26.52 0.40
A -20 106.00 0.20
A -10 58.00 0.00
A 0 58.00 0.00
A 10 58.00 0.00
A 20 56.00 0.00
A 30 58.00 0.01
A 40 60.00 0.03
A 50 63.52 0.20
A 60 78.00 0.20
A 70 28.00 0.40
T 43
A 70 18.00 0.00
A 60 16.00 0.00
A 50 22.79 0.20
A 40 23.66 0.20
A 30 55.97 5.26
A 20 96.21 0.50
A 10 78.00 0.00
A 0 59.59 0.17
A -10 58.00 0.10
A -20 58.00 0.00
A -30 56.00 0.18
A -40 57.00 0.20
A -50 58.00 0.20
A -60 68.79 4.20
A -70 22.76 0.12
T 43
A -70 58.00 0.00
A -60 58.00 0.00
A -50 60.00 0.00
A -40 67.03 0.10
A -30 102.00 0.80
A -20 44.00 0.00
A -10 33.69 0.40
A 0 22.00 0.20
A 10 18.00 0.00
A 20 18.00 0.00
A 30 18.00 0.00
A 40 18.00 0.00
A 50 19.03 0.10
A 60 18.00 0.00
A 70 32.00 0.00
T 43
A 70 32.00 0.00
A 60 18.00 0.00
A 50 28.00 0.08
A 40 30.00 0.00
A 30 30.31 0.09
A 20 24.00 0.00
A 10 17.52 0.20
A 0 18.00 0.00
A -10 20.00 0.00
A -20 20.00 0.00
A -30 18.00 0.20
A -40 20.00 0.20
A -50 44.00 0.20
A -60 50.00 0.20
A -70 88.62 0.20
T 43
A -70 18.00 0.00
A -60 18.00 0.12
A -50 18.00 0.00
A -40 18.00 0.00
A -30 24.00 0.14
A -20 30.00 0.00
A -10 26.00 0.00
A 0 28.00 0.08
A 10 28.00 0.00
A 20 26.00 0.00
A 30 30.00 0.13
A 40 30.00 0.00
A 50 40.00 0.00
A 60 92.00 0.40
A 70 90.00 0.00
T 43
A 70 20.00 0.00
A 60 18.38 7.60
A 50 61.00 6.60
A 40 88.00 0.11
A 30 88.00 0.00
A 20 88.00 0.00
A 10 84.00 0.00
A 0 40.00 0.00
A -10 28.00 0.20
A -20 30.00 0.20
A -30 28.00 0.00
A -40 28.00 0.00
A -50 30.00 0.00
A -60 26.00 0.16
A -70 24.34 0.06
M 2
A -70 24.00 0.00
A -60 24.00 0.00
A -50 24.00 0.00
A -40 24.00 0.00
A -30 24.00 0.00
A -20 24.00 0.20
A -10 28.00 0.00
A 0 81.83 0.20
A 10 38.00 0.00
A 20 80.00 0.20
A 30 84.00 0.20
A 40 86.00 0.00
A 50 88.00 0.20
A 60 92.00 0.20
A 70 21.90 0.20
T 60
A 70 24.00 0.00
A 60 18.00 0.06
A 50 22.00 0.00
A 40 16.00 0.20
A 30 16.00 0.15
A 20 18.00 0.00
A 10 24.00 0.00
A 0 22.00 0.00
A -10 88.00 0.10
A -20 84.69 0.20
A -30 86.00 0.20
A -40 86.00 0.00
A -50 53.97 0.05
A -60 34.00 0.00
A -70 28.00 0.00
T -10
A -70 26.00 0.01
A -60 30.00 0.00
A -50 28.69 0.14
A -40 42.00 0.40
A -30 86.00 0.01
A -20 84.00 0.00
A -10 84.00 0.00
A 0 88.00 0.20
A 10 90.00 0.05
A 20 18.00 0.10
A 30 22.00 0.00
A 40 22.00 0.00
A 50 22.00 0.00
A 60 20.00 0.00
A 70 81.31 6.60
T 10
A 70 26.00 0.01
A 60 18.00 0.00
A 50 22.00 0.00
A 40 16.00 0.00
A 30 16.00 0.15
A 20 18.00 0.10
A 10 24.00 0.00
A 0 22.00 0.20
A -10 88.00 0.00
A -20 84.00 0.00
A -30 86.00 0.00
A -40 86.00 0.00
A -50 52.00 0.00
A -60 33.00 0.20
A -70 27.00 0.07
T -10
A -70 26.00 0.00
A -60 30.00 0.00
A -50 28.83 0.00
A -40 46.00 0.80
A -30 86.00 0.00
A -20 84.00 0.00
A -10 85.90 0.20
A 0 86.93 0.20
A 10 90.00 0.14
A 20 20.00 0.03
A 30 22.00 0.00
A 40 22.00 0.00
A 50 22.00 0.01
A 60 20.00 0.00
A 70 84.00 0.10
T 43
A 70 62.00 0.08
A 60 17.76 0.08
A 50 62.00 0.00
A 40 22.00 0.06
A 30 26.00 0.00
A 20 18.00 0.00
A 10 20.00 0.00
A 0 20.00 0.06
A -10 20.00 0.00
A -20 18.00 0.00
A -30 28.00 0.00
A -40 26.00 0.00
A -50 87.59 0.20
A -60 86.00 0.00
A -70 86.00 0.00
T 43
A -70 92.00 0.03
A -60 23.79 0.15
A -50 22.00 0.00
A -40 20.00 0.00
A -30 21.00 0.20
A -20 20.00 0.00
A -10 108.00 0.00
A 0 32.00 0.00
A 10 61.24 0.20
A 20 60.00 0.00
A 30 60.00 0.00
A 40 60.00 0.00
A 50 64.00 0.00
A 60 70.00 0.60
A 70 82.00 0.02
T 43
A 70 20.00 0.20
A 60 16.00 0.00
A 50 26.00 0.00
A 40 30.00 0.00
A 30 78.00 0.00
A 20 68.00 0.17
A 10 62.14 0.00
A 0 60.00 0.10
A -10 60.00 0.00
A -20 60.00 0.00
A -30 60.00 0.00
A -40 62.00 0.00
A -50 29.00 0.20
A -60 24.00 0.00
A -70 21.00 0.05
M 2
A -70 24.00 0.00
A -60 22.00 0.00
A -50 101.34 0.20
A -40 60.00 0.20
A -30 58.00 0.01
A -20 56.00 0.00
A -10 58.00 0.20
A 0 58.00 0.00
A 10 60.00 0.00
A 20 63.52 0.10
A 30 84.00 0.60
A 40 34.00 0.14
A 50 24.00 0.03
A 60 26.00 0.00
A 70 20.00 0.00
T -50
A 70 78.00 0.60
A 60 18.59 4.40
A 50 58.00 0.00
A 40 57.38 0.20
A 30 56.00 0.10
A 20 56.00 0.17
A 10 58.00 0.00
A 0 61.90 0.20
A -10 20.00 0.00
A -20 22.52 0.20
A -30 20.00 0.18
A -40 18.00 0.00
A -50 19.10 0.00
A -60 26.00 0.00
A -70 92.00 0.00
T -70
A -70 32.00 0.00
A -60 34.17 0.23
A -50 83.93 0.01
A -40 90.00 0.05
A -30 89.00 0.06
A -20 90.00 0.40
A -10 90.00 0.20
A 0 94.10 0.20
A 10 20.00 0.00
A 20 18.00 0.00
A 30 18.00 0.00
A 40 18.00 0.00
A 50 20.00 0.00
A 60 18.00 0.20
A 70 62.00 0.20
T 0
A 70 62.00 0.00
A 60 18.00 0.00
A 50 20.00 0.00
A 40 18.00 0.00
A 30 18.00 0.00
A 20 18.00 0.00
A 10 20.00 0.00
A 0 94.00 0.00
A -10 90.00 0.00
A -20 94.00 0.00
A -30 88.00 0.17
A -40 91.38 0.12
A -50 83.86 0.20
A -60 34.00 0.00
A -70 32.00 0.00
T -20
A -70 28.00 0.00
A -60 28.00 0.20
A -50 32.00 0.00
A -40 34.00 0.20
A -30 56.00 0.20
A -20 88.00 0.00
A -10 88.00 0.00
A 0 90.00 0.00
A 10 92.00 0.00
A 20 92.00 0.00
A 30 24.00 0.17
A 40 22.00 0.00
A 50 20.00 0.11
A 60 22.00 0.00
A 70 18.00 0.00
T 43
A 70 58.00 0.00
A 60 18.00 0.07
A 50 62.00 0.00
A 40 95.00 0.37
A 30 18.00 0.00
A 20 20.00 0.00
A 10 20.00 0.00
A 0 20.00 0.00
A -10 20.00 0.00
A -20 20.00 0.00
A -30 92.00 0.00
A -40 91.79 0.20
A -50 91.66 0.20
A -60 86.00 0.19
A -70 84.00 0.00
T 43
A -70 92.00 0.00
A -60 92.00 6.54
A -50 20.00 0.20
A -40 18.00 0.00
A -30 18.00 0.00
A -20 20.00 0.00
A -10 24.00 0.00
A 0 24.14 0.20
A 10 60.00 0.00
A 20 58.00 0.00
A 30 56.00 0.20
A 40 56.00 0.00
A 50 57.00 0.09
A 60 58.00 0.00
A 70 60.90 0.20
T 43
A 70 20.00 0.00
A 60 18.00 0.05
A 50 28.00 0.00
A 40 62.00 0.00
A 30 76.00 0.00
A 20 62.00 0.00
A 10 58.00 0.03
A 0 56.97 0.17
A -10 56.69 0.07
A -20 56.00 0.00
A -30 58.00 0.00
A -40 104.00 0.20
A -50 27.03 0.10
A -60 20.00 0.20
A -70 22.00 0.00
M 2
A -70 22.00 0.00
A -60 22.00 0.00
A -50 26.93 0.60
A -40 70.93 0.20
A -30 56.00 0.01
A -20 52.00 0.00
A -10 52.00 0.00
A 0 52.00 0.00
A 10 54.00 0.17
A 20 66.00 0.60
A 30 70.00 0.00
A 40 62.10 0.00
A 50 30.00 0.00
A 60 24.00 0.60
A 70 22.00 0.00
T -40
A 70 70.00 0.20
A 60 16.00 0.00
A 50 54.00 0.00
A 40 52.83 0.19
A 30 52.00 0.00
A 20 54.00 0.00
A 10 57.83 0.20
A 0 64.00 0.00
A -10 26.00 0.00
A -20 20.00 0.00
A -30 18.00 0.00
A -40 20.00 0.00
A -50 20.00 0.00
A -60 19.00 0.20
A -70 32.00 0.00
T 70
A -70 30.00 0.00
A -60 57.28 0.17
A -50 54.00 0.00
A -40 53.97 0.20
A -30 54.00 0.00
A -20 55.45 0.06
A -10 60.00 0.00
A 0 71.00 0.03
A 10 98.00 0.10
A 20 26.00 0.00
A 30 26.00 0.00
A 40 20.00 0.00
A 50 20.00 0.00
A 60 20.00 0.00
A 70 20.00 0.03
T 10
A 70 20.00 0.00
A 60 22.00 0.00
A 50 20.00 0.00
A 40 22.00 0.00
A 30 24.00 0.00
A 20 29.10 0.20
A 10 24.00 0.00
A 0 92.69 0.20
A -10 72.00 0.20
A -20 60.00 0.00
A -30 56.00 0.00
A -40 54.00 0.00
A -50 54.00 0.00
A -60 54.00 0.00
A -70 57.66 0.20
T 0
A -70 56.00 0.00
A -60 54.00 0.00
A -50 54.00 0.00
A -40 54.00 0.00
A -30 56.00 0.00
A -20 58.00 0.00
A -10 72.00 0.00
A 0 96.00 0.20
A 10 24.00 0.00
A 20 28.00 0.08
A 30 24.00 0.03
A 40 22.00 0.00
A 50 20.00 0.00
A 60 20.00 0.20
A 70 20.00 0.00
T 43
A 70 32.00 0.00
A 60 18.00 0.20
A 50 24.00 0.08
A 40 16.62 0.20
A 30 20.00 0.00
A 20 20.00 0.00
A 10 18.00 0.00
A 0 20.00 0.00
A -10 20.00 0.18
A -20 20.00 0.00
A -30 28.00 0.00
A -40 78.00 0.00
A -50 75.00 0.20
A -60 59.45 0.20
A -70 56.00 0.00
T 43
A -70 34.00 0.06
A -60 26.00 0.00
A -50 20.00 0.20
A -40 19.86 0.03
A -30 20.00 0.00
A -20 18.00 0.10
A -10 18.00 0.00
A 0 32.00 0.00
A 10 34.00 0.09
A 20 28.00 0.35
A 30 32.00 0.00
A 40 32.00 0.00
A 50 32.00 0.00
A 60 40.00 0.20
A 70 53.66 0.17
T 43
A 70 98.00 0.05
A 60 16.00 0.20
A 50 92.00 0.00
A 40 92.00 0.00
A 30 56.14 0.40
A 20 34.34 0.00
A 10 34.00 0.20
A 0 30.00 0.13
A -10 30.00 0.00
A -20 30.00 0.00
A -30 30.00 0.00
A -40 24.00 0.06
A -50 24.00 0.00
A -60 20.90 0.02
A -70 20.00 0.00
T 43
A -70 32.00 0.00
A -60 32.00 0.00
A -50 32.00 0.01
A -40 32.00 0.00
A -30 34.00 0.00
A -20 44.00 0.20
A -10 55.45 3.99
A 0 92.00 0.01
A 10 92.00 0.20
A 20 92.00 0.00
A 30 92.00 0.00
A 40 22.00 0.00
A 50 26.00 0.02
A 60 20.00 0.00
A 70 22.00 0.08
T 43
A 70 57.79 0.14
A 60 102.00 8.48
A 50 24.00 0.00
A 40 16.00 0.00
A 30 18.00 0.05
A 20 18.00 0.00
A 10 16.00 0.00
A 0 40.00 0.00
A -10 37.10 0.20
A -20 92.00 0.00
A -30 94.00 0.20
A -40 94.00 0.00
A -50 52.00 0.01
A -60 42.03 0.00
A -70 36.00 0.00
T 43
A -70 92.00 0.00
A -60 94.00 0.00
A -50 24.00 0.00
A -40 26.00 0.00
A -30 18.00 0.00
A -20 16.00 0.20
A -10 18.00 0.05
A 0 16.00 0.00
A 10 24.00 0.00
A 20 26.00 0.27
A 30 58.00 0.00
A 40 54.00 0.14
A 50 54.00 0.00
A 60 54.00 0.00
A 70 54.00 0.00
T 43
A 70 32.00 0.00
A 60 16.76 0.20
A 50 67.59 0.20
A 40 56.00 0.01
A 30 54.00 0.00
A 20 52.00 0.11
A 10 52.00 0.00
A 0 54.00 0.00
A -10 58.00 0.05
A -20 69.00 0.40
A -30 23.00 0.33
A -40 22.00 0.00
A -50 16.62 0.20
A -60 16.00 0.15
A -70 18.00 0.00
T 43
A -70 23.38 0.20
A -60 69.76 0.05
A -50 58.10 0.10
A -40 54.00 0.00
A -30 52.00 0.00
A -20 53.93 0.00
A -10 54.00 0.00
A 0 61.83 0.20
A 10 62.00 0.00
A 20 76.00 0.00
A 30 30.00 0.00
A 40 24.00 0.00
A 50 29.10 0.20
A 60 20.83 0.20
A 70 20.00 0.00
T 43
A 70 34.00 0.00
A 60 21.00 0.60
A 50 20.00 0.20
A 40 19.72 0.03
A 30 20.00 0.00
A 20 19.72 0.03
A 10 18.00 0.00
A 0 24.00 0.12
A -10 32.00 0.20
A -20 76.00 0.00
A -30 77.00 0.20
A -40 66.00 0.01
A -50 58.00 0.20
A -60 54.00 0.00
A -70 54.00 0.00
T 43
A -70 71.00 0.40
A -60 88.00 0.20
A -50 24.00 0.07
A -40 20.00 0.07
A -30 20.00 0.00
A -20 20.00 0.00
A -10 20.00 0.00
A 0 20.00 0.00
A 10 18.00 0.00
A 20 24.00 0.00
A 30 34.00 0.00
A 40 30.00 0.00
A 50 30.00 0.19
A 60 30.00 1.15
A 70 36.00 0.20
T 43
A 70 94.00 0.00
A 60 18.00 0.05
A 50 48.07 0.00
A 40 44.00 0.20
A 30 34.00 0.00
A 20 30.00 0.00
A 10 30.00 0.00
A 0 30.00 0.00
A -10 28.00 0.26
A -20 26.00 0.05
A -30 20.00 0.00
A -40 20.00 0.00
A -50 20.00 0.00
A -60 22.00 0.00
A -70 20.00 0.00
T 43
A -70 22.00 0.00
A -60 28.00 0.00
A -50 32.00 0.00
A -40 32.00 0.00
A -30 32.00 0.00
A -20 32.00 0.00
A -10 32.00 0.00
A 0 42.00 0.01
A 10 86.00 0.03
A 20 92.00 0.00
A 30 94.00 0.60
A 40 92.00 0.00
A 50 94.00 0.00
A 60 22.00 0.20
A 70 20.00 0.20
M 2
A 70 20.00 0.00
A 60 18.00 0.40
A 50 90.00 0.00
A 40 88.00 0.00
A 30 88.00 0.00
A 20 58.00 0.12
A 10 80.00 0.00
A 0 32.00 0.00
A -10 32.00 0.00
A -20 27.00 0.20
A -30 26.00 0.00
A -40 28.00 0.04
A -50 26.00 0.00
A -60 32.00 0.00
A -70 24.00 0.00
T 50
A -70 30.00 0.20
A -60 32.00 0.00
A -50 32.00 0.00
A -40 82.00 0.00
A -30 51.86 0.20
A -20 86.00 0.00
A -10 92.62 0.00
A 0 89.83 0.20
A 10 24.00 0.00
A 20 24.00 0.14
A 30 18.00 0.00
A 40 18.00 0.00
A 50 18.00 0.01
A 60 16.00 0.00
A 70 22.79 0.20
T -10
A 70 20.62 0.17
A 60 16.00 0.07
A 50 16.00 0.00
A 40 16.00 0.20
A 30 91.00 0.20
A 20 92.00 0.00
A 10 90.00 0.20
A 0 91.93 0.20
A -10 86.00 0.06
A -20 46.00 0.09
A -30 85.48 0.20
A -40 38.00 0.03
A -50 30.00 0.00
A -60 30.00 0.00
A -70 30.00 0.00
T 20
A -70 30.00 0.20
A -60 36.00 0.00
A -50 82.00 0.00
A -40 45.97 0.20
A -30 87.93 0.20
A -20 90.00 0.03
A -10 90.00 0.00
A 0 91.93 0.01
A 10 18.86 0.20
A 20 20.00 0.00
A 30 18.00 0.00
A 40 20.00 0.00
A 50 19.03 0.00
A 60 19.00 0.26
A 70 64.55 2.60
T 0
A 70 66.00 0.05
A 60 90.00 5.48
A 50 18.00 0.12
A 40 19.66 0.20
A 30 19.17 0.00